factionsfile version 1
63
fac_no_faction No_Faction 0 11184810 
 0.900000  0.000000  0.000000  0.000000  0.000000  0.000000  0.000000  0.000000  0.000000  0.000000  0.000000  0.000000  0.000000  0.000000  0.000000  0.000000  0.000000  0.000000  0.000000  0.000000  0.000000  0.000000  0.000000  0.000000  0.000000  0.000000  0.000000  0.000000  0.000000  0.000000  0.000000  0.000000  0.000000  0.000000  0.000000  0.000000  0.000000  0.000000  0.000000  0.000000  0.000000  0.000000  0.000000  0.000000  0.000000  0.000000  0.000000  0.000000  0.000000  0.000000  0.000000  0.000000  0.000000  0.000000  0.000000  0.000000  0.000000  0.000000  0.000000  0.000000  0.000000  0.000000  0.000000 
0 fac_commoners Commoners 0 11184810 
 0.000000  0.100000  -0.600000  0.000000  0.000000  0.000000  0.000000  0.000000  0.000000  0.000000  0.000000  0.000000  0.000000  0.000000  0.000000  0.000000  0.000000  0.000000  0.000000  0.000000  0.000000  0.000000  0.000000  0.100000  0.000000  0.000000  0.000000  0.000000  0.000000  0.000000  0.000000  0.000000  0.000000  0.000000  0.000000  0.000000  0.000000  0.000000  0.000000  0.000000  0.000000  0.000000  -0.200000  -0.200000  -0.200000  -0.200000  -0.200000  -0.200000  0.000000  -0.200000  0.000000  -0.200000  0.000000  -0.200000  -0.200000  -0.200000  0.000000  0.000000  0.000000  -0.700000  0.000000  0.000000  0.000000 
0 fac_outlaws Outlaws 33280 8947848 
 0.000000  -0.600000  0.500000  0.000000  -0.050000  -0.500000  0.000000  0.000000  0.000000  0.000000  0.000000  0.000000  0.000000  0.000000  0.000000  0.000000  0.000000  0.000000  0.000000  0.000000  0.000000  0.000000  0.000000  -0.150000  -0.050000  -0.050000  -0.050000  -0.050000  -0.050000  -0.050000  -0.050000  -0.050000  -0.050000  -0.050000  -0.050000  -0.050000  0.000000  0.000000  0.000000  0.000000  -0.600000  0.000000  0.000000  -0.200000  -0.200000  -0.200000  -0.200000  -0.200000  -0.200000  -0.200000  -0.200000  -0.200000  -0.200000  -0.200000  -0.200000  -0.200000  0.000000  0.000000  -0.600000  0.000000  0.000000  0.000000  0.000000 
0 fac_neutral Neutral 0 16777215 
 0.000000  0.000000  0.000000  0.100000  0.000000  0.000000  0.000000  0.000000  0.000000  0.000000  0.000000  0.000000  0.000000  0.000000  0.000000  0.000000  0.000000  0.000000  0.000000  0.000000  0.000000  0.000000  0.000000  0.000000  0.000000  0.000000  0.000000  0.000000  0.000000  0.000000  0.000000  0.000000  0.000000  0.000000  0.000000  0.000000  0.000000  0.000000  0.000000  0.000000  0.000000  0.000000  0.000000  0.000000  0.000000  0.000000  0.000000  0.000000  0.000000  0.000000  0.000000  0.000000  0.000000  0.000000  0.000000  0.000000  0.000000  0.000000  0.000000  0.000000  0.000000  0.000000  0.000000 
0 fac_innocents Innocents 1 11184810 
 0.000000  0.000000  -0.050000  0.000000  0.500000  0.000000  -0.900000  0.000000  0.000000  0.000000  0.000000  0.000000  0.000000  0.000000  0.000000  0.000000  0.000000  0.000000  0.000000  0.000000  0.000000  0.000000  0.000000  0.000000  0.000000  0.000000  0.000000  0.000000  0.000000  0.000000  0.000000  0.000000  0.000000  0.000000  0.000000  0.000000  0.000000  0.000000  0.000000  0.000000  0.000000  0.000000  0.000000  0.000000  0.000000  0.000000  0.000000  0.000000  0.000000  0.000000  0.000000  0.000000  0.000000  0.000000  0.000000  0.000000  0.000000  0.000000  0.000000  0.000000  0.000000  0.000000  0.000000 
0 fac_merchants Merchants 1 11184810 
 0.000000  0.000000  -0.500000  0.000000  0.000000  0.500000  0.000000  0.000000  0.000000  0.000000  0.000000  0.000000  0.000000  0.000000  0.000000  0.000000  0.000000  0.000000  0.000000  0.000000  0.000000  0.000000  0.000000  0.000000  0.000000  0.000000  0.000000  0.000000  0.000000  0.000000  0.000000  0.000000  0.000000  0.000000  0.000000  0.000000  0.000000  0.000000  0.000000  0.000000  0.000000  -0.500000  -0.500000  -0.500000  -0.500000  -0.500000  -0.500000  -0.500000  -0.500000  -0.500000  -0.500000  -0.500000  -0.500000  -0.500000  -0.500000  -0.500000  0.000000  0.000000  0.000000  0.000000  0.000000  0.000000  0.000000 
0 fac_dark_knights {!}Dark_Knights 0 11184810 
 0.000000  0.000000  0.000000  0.000000  -0.900000  0.000000  0.500000  0.000000  0.000000  0.000000  0.000000  0.000000  0.000000  0.000000  0.000000  0.000000  0.000000  0.000000  0.000000  0.000000  0.000000  0.000000  0.000000  -0.400000  0.000000  0.000000  0.000000  0.000000  0.000000  0.000000  0.000000  0.000000  0.000000  0.000000  0.000000  0.000000  0.000000  0.000000  0.000000  0.000000  0.000000  0.000000  0.000000  0.000000  0.000000  0.000000  0.000000  0.000000  0.000000  0.000000  0.000000  0.000000  0.000000  0.000000  0.000000  0.000000  0.000000  0.000000  0.000000  0.000000  0.000000  0.000000  0.000000 
0 fac_culture_1 {!}culture_1 0 11184810 
 0.000000  0.000000  0.000000  0.000000  0.000000  0.000000  0.000000  0.900000  0.000000  0.000000  0.000000  0.000000  0.000000  0.000000  0.000000  0.000000  0.000000  0.000000  0.000000  0.000000  0.000000  0.000000  0.000000  0.000000  0.000000  0.000000  0.000000  0.000000  0.000000  0.000000  0.000000  0.000000  0.000000  0.000000  0.000000  0.000000  0.000000  0.000000  0.000000  0.000000  0.000000  0.000000  0.000000  0.000000  0.000000  0.000000  0.000000  0.000000  0.000000  0.000000  0.000000  0.000000  0.000000  0.000000  0.000000  0.000000  0.000000  0.000000  0.000000  0.000000  0.000000  0.000000  0.000000 
0 fac_culture_2 {!}culture_2 0 11184810 
 0.000000  0.000000  0.000000  0.000000  0.000000  0.000000  0.000000  0.000000  0.900000  0.000000  0.000000  0.000000  0.000000  0.000000  0.000000  0.000000  0.000000  0.000000  0.000000  0.000000  0.000000  0.000000  0.000000  0.000000  0.000000  0.000000  0.000000  0.000000  0.000000  0.000000  0.000000  0.000000  0.000000  0.000000  0.000000  0.000000  0.000000  0.000000  0.000000  0.000000  0.000000  0.000000  0.000000  0.000000  0.000000  0.000000  0.000000  0.000000  0.000000  0.000000  0.000000  0.000000  0.000000  0.000000  0.000000  0.000000  0.000000  0.000000  0.000000  0.000000  0.000000  0.000000  0.000000 
0 fac_culture_3 {!}culture_3 0 11184810 
 0.000000  0.000000  0.000000  0.000000  0.000000  0.000000  0.000000  0.000000  0.000000  0.900000  0.000000  0.000000  0.000000  0.000000  0.000000  0.000000  0.000000  0.000000  0.000000  0.000000  0.000000  0.000000  0.000000  0.000000  0.000000  0.000000  0.000000  0.000000  0.000000  0.000000  0.000000  0.000000  0.000000  0.000000  0.000000  0.000000  0.000000  0.000000  0.000000  0.000000  0.000000  0.000000  0.000000  0.000000  0.000000  0.000000  0.000000  0.000000  0.000000  0.000000  0.000000  0.000000  0.000000  0.000000  0.000000  0.000000  0.000000  0.000000  0.000000  0.000000  0.000000  0.000000  0.000000 
0 fac_culture_4 {!}culture_4 0 11184810 
 0.000000  0.000000  0.000000  0.000000  0.000000  0.000000  0.000000  0.000000  0.000000  0.000000  0.900000  0.000000  0.000000  0.000000  0.000000  0.000000  0.000000  0.000000  0.000000  0.000000  0.000000  0.000000  0.000000  0.000000  0.000000  0.000000  0.000000  0.000000  0.000000  0.000000  0.000000  0.000000  0.000000  0.000000  0.000000  0.000000  0.000000  0.000000  0.000000  0.000000  0.000000  0.000000  0.000000  0.000000  0.000000  0.000000  0.000000  0.000000  0.000000  0.000000  0.000000  0.000000  0.000000  0.000000  0.000000  0.000000  0.000000  0.000000  0.000000  0.000000  0.000000  0.000000  0.000000 
0 fac_culture_5 {!}culture_5 0 11184810 
 0.000000  0.000000  0.000000  0.000000  0.000000  0.000000  0.000000  0.000000  0.000000  0.000000  0.000000  0.900000  0.000000  0.000000  0.000000  0.000000  0.000000  0.000000  0.000000  0.000000  0.000000  0.000000  0.000000  0.000000  0.000000  0.000000  0.000000  0.000000  0.000000  0.000000  0.000000  0.000000  0.000000  0.000000  0.000000  0.000000  0.000000  0.000000  0.000000  0.000000  0.000000  0.000000  0.000000  0.000000  0.000000  0.000000  0.000000  0.000000  0.000000  0.000000  0.000000  0.000000  0.000000  0.000000  0.000000  0.000000  0.000000  0.000000  0.000000  0.000000  0.000000  0.000000  0.000000 
0 fac_culture_6 {!}culture_6 0 11184810 
 0.000000  0.000000  0.000000  0.000000  0.000000  0.000000  0.000000  0.000000  0.000000  0.000000  0.000000  0.000000  0.900000  0.000000  0.000000  0.000000  0.000000  0.000000  0.000000  0.000000  0.000000  0.000000  0.000000  0.000000  0.000000  0.000000  0.000000  0.000000  0.000000  0.000000  0.000000  0.000000  0.000000  0.000000  0.000000  0.000000  0.000000  0.000000  0.000000  0.000000  0.000000  0.000000  0.000000  0.000000  0.000000  0.000000  0.000000  0.000000  0.000000  0.000000  0.000000  0.000000  0.000000  0.000000  0.000000  0.000000  0.000000  0.000000  0.000000  0.000000  0.000000  0.000000  0.000000 
0 fac_culture_7 {!}culture_7 0 11184810 
 0.000000  0.000000  0.000000  0.000000  0.000000  0.000000  0.000000  0.000000  0.000000  0.000000  0.000000  0.000000  0.000000  0.900000  0.000000  0.000000  0.000000  0.000000  0.000000  0.000000  0.000000  0.000000  0.000000  0.000000  0.000000  0.000000  0.000000  0.000000  0.000000  0.000000  0.000000  0.000000  0.000000  0.000000  0.000000  0.000000  0.000000  0.000000  0.000000  0.000000  0.000000  0.000000  0.000000  0.000000  0.000000  0.000000  0.000000  0.000000  0.000000  0.000000  0.000000  0.000000  0.000000  0.000000  0.000000  0.000000  0.000000  0.000000  0.000000  0.000000  0.000000  0.000000  0.000000 
0 fac_culture_8 {!}culture_8 0 11184810 
 0.000000  0.000000  0.000000  0.000000  0.000000  0.000000  0.000000  0.000000  0.000000  0.000000  0.000000  0.000000  0.000000  0.000000  0.900000  0.000000  0.000000  0.000000  0.000000  0.000000  0.000000  0.000000  0.000000  0.000000  0.000000  0.000000  0.000000  0.000000  0.000000  0.000000  0.000000  0.000000  0.000000  0.000000  0.000000  0.000000  0.000000  0.000000  0.000000  0.000000  0.000000  0.000000  0.000000  0.000000  0.000000  0.000000  0.000000  0.000000  0.000000  0.000000  0.000000  0.000000  0.000000  0.000000  0.000000  0.000000  0.000000  0.000000  0.000000  0.000000  0.000000  0.000000  0.000000 
0 fac_culture_9 {!}culture_9 0 11184810 
 0.000000  0.000000  0.000000  0.000000  0.000000  0.000000  0.000000  0.000000  0.000000  0.000000  0.000000  0.000000  0.000000  0.000000  0.000000  0.900000  0.000000  0.000000  0.000000  0.000000  0.000000  0.000000  0.000000  0.000000  0.000000  0.000000  0.000000  0.000000  0.000000  0.000000  0.000000  0.000000  0.000000  0.000000  0.000000  0.000000  0.000000  0.000000  0.000000  0.000000  0.000000  0.000000  0.000000  0.000000  0.000000  0.000000  0.000000  0.000000  0.000000  0.000000  0.000000  0.000000  0.000000  0.000000  0.000000  0.000000  0.000000  0.000000  0.000000  0.000000  0.000000  0.000000  0.000000 
0 fac_culture_10 {!}culture_10 0 11184810 
 0.000000  0.000000  0.000000  0.000000  0.000000  0.000000  0.000000  0.000000  0.000000  0.000000  0.000000  0.000000  0.000000  0.000000  0.000000  0.000000  0.900000  0.000000  0.000000  0.000000  0.000000  0.000000  0.000000  0.000000  0.000000  0.000000  0.000000  0.000000  0.000000  0.000000  0.000000  0.000000  0.000000  0.000000  0.000000  0.000000  0.000000  0.000000  0.000000  0.000000  0.000000  0.000000  0.000000  0.000000  0.000000  0.000000  0.000000  0.000000  0.000000  0.000000  0.000000  0.000000  0.000000  0.000000  0.000000  0.000000  0.000000  0.000000  0.000000  0.000000  0.000000  0.000000  0.000000 
0 fac_culture_11 {!}culture_11 0 11184810 
 0.000000  0.000000  0.000000  0.000000  0.000000  0.000000  0.000000  0.000000  0.000000  0.000000  0.000000  0.000000  0.000000  0.000000  0.000000  0.000000  0.000000  0.900000  0.000000  0.000000  0.000000  0.000000  0.000000  0.000000  0.000000  0.000000  0.000000  0.000000  0.000000  0.000000  0.000000  0.000000  0.000000  0.000000  0.000000  0.000000  0.000000  0.000000  0.000000  0.000000  0.000000  0.000000  0.000000  0.000000  0.000000  0.000000  0.000000  0.000000  0.000000  0.000000  0.000000  0.000000  0.000000  0.000000  0.000000  0.000000  0.000000  0.000000  0.000000  0.000000  0.000000  0.000000  0.000000 
0 fac_culture_12 {!}culture_12 0 11184810 
 0.000000  0.000000  0.000000  0.000000  0.000000  0.000000  0.000000  0.000000  0.000000  0.000000  0.000000  0.000000  0.000000  0.000000  0.000000  0.000000  0.000000  0.000000  0.900000  0.000000  0.000000  0.000000  0.000000  0.000000  0.000000  0.000000  0.000000  0.000000  0.000000  0.000000  0.000000  0.000000  0.000000  0.000000  0.000000  0.000000  0.000000  0.000000  0.000000  0.000000  0.000000  0.000000  0.000000  0.000000  0.000000  0.000000  0.000000  0.000000  0.000000  0.000000  0.000000  0.000000  0.000000  0.000000  0.000000  0.000000  0.000000  0.000000  0.000000  0.000000  0.000000  0.000000  0.000000 
0 fac_culture_13 {!}culture_13 0 11184810 
 0.000000  0.000000  0.000000  0.000000  0.000000  0.000000  0.000000  0.000000  0.000000  0.000000  0.000000  0.000000  0.000000  0.000000  0.000000  0.000000  0.000000  0.000000  0.000000  0.900000  0.000000  0.000000  0.000000  0.000000  0.000000  0.000000  0.000000  0.000000  0.000000  0.000000  0.000000  0.000000  0.000000  0.000000  0.000000  0.000000  0.000000  0.000000  0.000000  0.000000  0.000000  0.000000  0.000000  0.000000  0.000000  0.000000  0.000000  0.000000  0.000000  0.000000  0.000000  0.000000  0.000000  0.000000  0.000000  0.000000  0.000000  0.000000  0.000000  0.000000  0.000000  0.000000  0.000000 
0 fac_culture_14 {!}culture_14 0 11184810 
 0.000000  0.000000  0.000000  0.000000  0.000000  0.000000  0.000000  0.000000  0.000000  0.000000  0.000000  0.000000  0.000000  0.000000  0.000000  0.000000  0.000000  0.000000  0.000000  0.000000  0.900000  0.000000  0.000000  0.000000  0.000000  0.000000  0.000000  0.000000  0.000000  0.000000  0.000000  0.000000  0.000000  0.000000  0.000000  0.000000  0.000000  0.000000  0.000000  0.000000  0.000000  0.000000  0.000000  0.000000  0.000000  0.000000  0.000000  0.000000  0.000000  0.000000  0.000000  0.000000  0.000000  0.000000  0.000000  0.000000  0.000000  0.000000  0.000000  0.000000  0.000000  0.000000  0.000000 
0 fac_culture_16 {!}culture_16 0 11184810 
 0.000000  0.000000  0.000000  0.000000  0.000000  0.000000  0.000000  0.000000  0.000000  0.000000  0.000000  0.000000  0.000000  0.000000  0.000000  0.000000  0.000000  0.000000  0.000000  0.000000  0.000000  0.900000  0.000000  0.000000  0.000000  0.000000  0.000000  0.000000  0.000000  0.000000  0.000000  0.000000  0.000000  0.000000  0.000000  0.000000  0.000000  0.000000  0.000000  0.000000  0.000000  0.000000  0.000000  0.000000  0.000000  0.000000  0.000000  0.000000  0.000000  0.000000  0.000000  0.000000  0.000000  0.000000  0.000000  0.000000  0.000000  0.000000  0.000000  0.000000  0.000000  0.000000  0.000000 
0 fac_culture_17 {!}culture_17 0 11184810 
 0.000000  0.000000  0.000000  0.000000  0.000000  0.000000  0.000000  0.000000  0.000000  0.000000  0.000000  0.000000  0.000000  0.000000  0.000000  0.000000  0.000000  0.000000  0.000000  0.000000  0.000000  0.000000  0.900000  0.000000  0.000000  0.000000  0.000000  0.000000  0.000000  0.000000  0.000000  0.000000  0.000000  0.000000  0.000000  0.000000  0.000000  0.000000  0.000000  0.000000  0.000000  0.000000  0.000000  0.000000  0.000000  0.000000  0.000000  0.000000  0.000000  0.000000  0.000000  0.000000  0.000000  0.000000  0.000000  0.000000  0.000000  0.000000  0.000000  0.000000  0.000000  0.000000  0.000000 
0 fac_player_faction Player_Faction 0 11184810 
 0.000000  0.100000  -0.150000  0.000000  0.000000  0.000000  -0.400000  0.000000  0.000000  0.000000  0.000000  0.000000  0.000000  0.000000  0.000000  0.000000  0.000000  0.000000  0.000000  0.000000  0.000000  0.000000  0.000000  0.900000  1.000000  0.000000  0.000000  0.000000  0.000000  0.000000  0.000000  0.000000  0.000000  0.000000  0.000000  0.000000  0.000000  0.000000  0.000000  -0.300000  0.100000  -0.100000  0.000000  0.000000  0.000000  0.000000  0.000000  0.000000  0.000000  0.000000  0.000000  0.000000  0.000000  0.000000  0.000000  0.000000  -0.150000  -0.150000  0.100000  -0.500000  0.000000  -0.400000  0.000000 
0 fac_player_supporters_faction Player's_Supporters 0 16729139 
 0.000000  0.000000  -0.050000  0.000000  0.000000  0.000000  0.000000  0.000000  0.000000  0.000000  0.000000  0.000000  0.000000  0.000000  0.000000  0.000000  0.000000  0.000000  0.000000  0.000000  0.000000  0.000000  0.000000  1.000000  0.900000  0.000000  0.000000  0.000000  0.000000  0.000000  0.000000  0.000000  0.000000  0.000000  0.000000  0.000000  0.000000  0.000000  0.000000  0.000000  0.000000  -0.020000  0.000000  0.000000  0.000000  0.000000  0.000000  0.000000  0.000000  0.000000  0.000000  0.000000  0.000000  0.000000  0.000000  0.000000  0.000000  0.000000  0.000000  0.000000  0.000000  -0.100000  0.000000 
0 fac_kingdom_1 Sassanid_Empire 0 42643 
 0.000000  0.000000  -0.050000  0.000000  0.000000  0.000000  0.000000  0.000000  0.000000  0.000000  0.000000  0.000000  0.000000  0.000000  0.000000  0.000000  0.000000  0.000000  0.000000  0.000000  0.000000  0.000000  0.000000  0.000000  0.000000  0.900000  0.000000  0.000000  0.000000  0.000000  0.000000  0.000000  0.000000  0.000000  0.000000  0.000000  0.000000  0.000000  0.000000  -0.020000  0.000000  -0.020000  -0.050000  0.000000  -0.050000  -0.050000  -0.050000  -0.050000  -0.050000  -0.050000  -0.050000  -0.050000  -0.050000  -0.050000  -0.050000  -0.050000  0.000000  0.000000  0.000000  0.000000  0.000000  -0.100000  0.000000 
0 fac_kingdom_2 Western_Göktürks 0 3097804 
 0.000000  0.000000  -0.050000  0.000000  0.000000  0.000000  0.000000  0.000000  0.000000  0.000000  0.000000  0.000000  0.000000  0.000000  0.000000  0.000000  0.000000  0.000000  0.000000  0.000000  0.000000  0.000000  0.000000  0.000000  0.000000  0.000000  0.900000  0.000000  0.000000  0.000000  0.000000  0.000000  0.000000  0.000000  0.000000  0.000000  0.000000  0.000000  0.000000  -0.020000  0.000000  -0.020000  -0.050000  0.000000  -0.050000  -0.050000  -0.050000  -0.050000  -0.050000  -0.050000  -0.050000  -0.050000  -0.050000  -0.050000  -0.050000  -0.050000  0.000000  0.000000  0.000000  0.000000  0.000000  -0.100000  0.000000 
0 fac_kingdom_3 Rashidun_Caliphate 0 5019904 
 0.000000  0.000000  -0.050000  0.000000  0.000000  0.000000  0.000000  0.000000  0.000000  0.000000  0.000000  0.000000  0.000000  0.000000  0.000000  0.000000  0.000000  0.000000  0.000000  0.000000  0.000000  0.000000  0.000000  0.000000  0.000000  0.000000  0.000000  0.900000  0.000000  0.000000  0.000000  0.000000  0.000000  0.000000  0.000000  0.000000  0.000000  0.000000  0.000000  0.000000  0.000000  -0.020000  -0.050000  0.000000  -0.050000  -0.050000  -0.050000  -0.050000  -0.050000  -0.050000  -0.050000  -0.050000  -0.050000  -0.050000  -0.050000  -0.050000  0.000000  0.000000  0.000000  0.000000  0.000000  -0.100000  0.000000 
0 fac_kingdom_4 Avar_Khaganate 0 16402974 
 0.000000  0.000000  -0.050000  0.000000  0.000000  0.000000  0.000000  0.000000  0.000000  0.000000  0.000000  0.000000  0.000000  0.000000  0.000000  0.000000  0.000000  0.000000  0.000000  0.000000  0.000000  0.000000  0.000000  0.000000  0.000000  0.000000  0.000000  0.000000  0.900000  0.000000  0.000000  0.000000  0.000000  0.000000  0.000000  0.000000  0.000000  0.000000  0.000000  0.000000  0.000000  -0.020000  -0.050000  0.000000  -0.050000  -0.050000  -0.050000  -0.050000  -0.050000  -0.050000  -0.050000  -0.050000  -0.050000  -0.050000  -0.050000  -0.050000  0.000000  0.000000  0.000000  0.000000  0.000000  -0.100000  0.000000 
0 fac_kingdom_5 Satrapy_of_the_Alans 0 16744448 
 0.000000  0.000000  -0.050000  0.000000  0.000000  0.000000  0.000000  0.000000  0.000000  0.000000  0.000000  0.000000  0.000000  0.000000  0.000000  0.000000  0.000000  0.000000  0.000000  0.000000  0.000000  0.000000  0.000000  0.000000  0.000000  0.000000  0.000000  0.000000  0.000000  0.900000  0.000000  0.000000  0.000000  0.000000  0.000000  0.000000  0.000000  0.000000  0.000000  0.000000  0.000000  -0.020000  -0.050000  0.000000  -0.050000  -0.050000  -0.050000  -0.050000  -0.050000  -0.050000  -0.050000  -0.050000  -0.050000  -0.050000  -0.050000  -0.050000  0.000000  0.000000  0.000000  0.000000  0.000000  -0.100000  0.000000 
0 fac_kingdom_6 Roman_Empire 0 12399524 
 0.000000  0.000000  -0.050000  0.000000  0.000000  0.000000  0.000000  0.000000  0.000000  0.000000  0.000000  0.000000  0.000000  0.000000  0.000000  0.000000  0.000000  0.000000  0.000000  0.000000  0.000000  0.000000  0.000000  0.000000  0.000000  0.000000  0.000000  0.000000  0.000000  0.000000  0.900000  0.000000  0.000000  0.000000  0.000000  0.000000  0.000000  0.000000  0.000000  0.000000  0.000000  -0.020000  -0.050000  -0.050000  -0.050000  -0.050000  -0.050000  -0.050000  -0.050000  -0.050000  -0.050000  -0.050000  -0.050000  -0.050000  -0.050000  -0.050000  0.000000  0.000000  0.000000  0.000000  0.000000  -0.100000  0.000000 
0 fac_kingdom_7 Bulgar_Khanate 0 15462319 
 0.000000  0.000000  -0.050000  0.000000  0.000000  0.000000  0.000000  0.000000  0.000000  0.000000  0.000000  0.000000  0.000000  0.000000  0.000000  0.000000  0.000000  0.000000  0.000000  0.000000  0.000000  0.000000  0.000000  0.000000  0.000000  0.000000  0.000000  0.000000  0.000000  0.000000  0.000000  0.900000  0.000000  0.000000  0.000000  0.000000  0.000000  0.000000  0.000000  0.000000  0.000000  -0.020000  -0.050000  0.000000  -0.050000  -0.050000  -0.050000  -0.050000  -0.050000  -0.050000  -0.050000  -0.050000  0.000000  -0.050000  -0.050000  -0.050000  0.000000  0.000000  0.000000  0.000000  0.000000  -0.100000  0.000000 
0 fac_kingdom_8 Kingdom_of_Armenia 0 14365234 
 0.000000  0.000000  -0.050000  0.000000  0.000000  0.000000  0.000000  0.000000  0.000000  0.000000  0.000000  0.000000  0.000000  0.000000  0.000000  0.000000  0.000000  0.000000  0.000000  0.000000  0.000000  0.000000  0.000000  0.000000  0.000000  0.000000  0.000000  0.000000  0.000000  0.000000  0.000000  0.000000  0.900000  0.000000  0.000000  0.000000  0.000000  0.000000  0.000000  0.000000  0.000000  -0.020000  -0.050000  0.000000  -0.050000  -0.050000  -0.050000  0.000000  -0.050000  -0.050000  -0.050000  -0.050000  0.000000  -0.050000  -0.050000  -0.050000  0.000000  0.000000  0.000000  0.000000  0.000000  -0.100000  0.000000 
0 fac_kingdom_9 Kingdom_of_Judea 0 1849500 
 0.000000  0.000000  -0.050000  0.000000  0.000000  0.000000  0.000000  0.000000  0.000000  0.000000  0.000000  0.000000  0.000000  0.000000  0.000000  0.000000  0.000000  0.000000  0.000000  0.000000  0.000000  0.000000  0.000000  0.000000  0.000000  0.000000  0.000000  0.000000  0.000000  0.000000  0.000000  0.000000  0.000000  0.900000  0.000000  0.000000  0.000000  0.000000  0.000000  0.000000  0.000000  -0.020000  -0.050000  0.000000  -0.050000  -0.050000  -0.050000  -0.050000  0.000000  -0.050000  -0.050000  -0.050000  0.000000  -0.050000  -0.050000  -0.050000  0.000000  0.000000  0.000000  0.000000  0.000000  -0.100000  0.000000 
0 fac_kingdom_10 Kingdom_of_Aksum 0 15910029 
 0.000000  0.000000  -0.050000  0.000000  0.000000  0.000000  0.000000  0.000000  0.000000  0.000000  0.000000  0.000000  0.000000  0.000000  0.000000  0.000000  0.000000  0.000000  0.000000  0.000000  0.000000  0.000000  0.000000  0.000000  0.000000  0.000000  0.000000  0.000000  0.000000  0.000000  0.000000  0.000000  0.000000  0.000000  0.900000  0.000000  0.000000  0.000000  0.000000  0.000000  0.000000  -0.020000  -0.050000  -0.050000  -0.050000  -0.050000  -0.050000  -0.050000  -0.050000  -0.050000  -0.050000  -0.050000  -0.050000  -0.050000  -0.050000  -0.050000  0.000000  0.000000  0.000000  0.000000  0.000000  -0.100000  0.000000 
0 fac_kingdom_11 Kingdom_of_Makuria 0 4289886 
 0.000000  0.000000  -0.050000  0.000000  0.000000  0.000000  0.000000  0.000000  0.000000  0.000000  0.000000  0.000000  0.000000  0.000000  0.000000  0.000000  0.000000  0.000000  0.000000  0.000000  0.000000  0.000000  0.000000  0.000000  0.000000  0.000000  0.000000  0.000000  0.000000  0.000000  0.000000  0.000000  0.000000  0.000000  0.000000  0.900000  0.000000  0.000000  0.000000  0.000000  0.000000  -0.020000  -0.050000  -0.050000  -0.050000  -0.050000  -0.050000  -0.050000  -0.050000  -0.050000  -0.050000  0.000000  -0.050000  -0.050000  -0.050000  -0.050000  0.000000  0.000000  0.000000  0.000000  0.000000  -0.100000  0.000000 
0 fac_kingdoms_end {!}kingdoms_end 0 11184810 
 0.000000  0.000000  0.000000  0.000000  0.000000  0.000000  0.000000  0.000000  0.000000  0.000000  0.000000  0.000000  0.000000  0.000000  0.000000  0.000000  0.000000  0.000000  0.000000  0.000000  0.000000  0.000000  0.000000  0.000000  0.000000  0.000000  0.000000  0.000000  0.000000  0.000000  0.000000  0.000000  0.000000  0.000000  0.000000  0.000000  0.000000  0.000000  0.000000  0.000000  0.000000  0.000000  0.000000  0.000000  0.000000  0.000000  0.000000  0.000000  0.000000  0.000000  0.000000  0.000000  0.000000  0.000000  0.000000  0.000000  0.000000  0.000000  0.000000  0.000000  0.000000  0.000000  0.000000 
0 fac_robber_knights {!}robber_knights 0 11184810 
 0.000000  0.000000  0.000000  0.000000  0.000000  0.000000  0.000000  0.000000  0.000000  0.000000  0.000000  0.000000  0.000000  0.000000  0.000000  0.000000  0.000000  0.000000  0.000000  0.000000  0.000000  0.000000  0.000000  0.000000  0.000000  0.000000  0.000000  0.000000  0.000000  0.000000  0.000000  0.000000  0.000000  0.000000  0.000000  0.000000  0.000000  0.100000  0.000000  0.000000  0.000000  0.000000  0.000000  0.000000  0.000000  0.000000  0.000000  0.000000  0.000000  0.000000  0.000000  0.000000  0.000000  0.000000  0.000000  0.000000  0.000000  0.000000  0.000000  0.000000  0.000000  0.000000  0.000000 
0 fac_khergits {!}Khergits 0 11184810 
 0.000000  0.000000  0.000000  0.000000  0.000000  0.000000  0.000000  0.000000  0.000000  0.000000  0.000000  0.000000  0.000000  0.000000  0.000000  0.000000  0.000000  0.000000  0.000000  0.000000  0.000000  0.000000  0.000000  0.000000  0.000000  0.000000  0.000000  0.000000  0.000000  0.000000  0.000000  0.000000  0.000000  0.000000  0.000000  0.000000  0.000000  0.000000  0.500000  0.000000  0.000000  0.000000  0.000000  0.000000  0.000000  0.000000  0.000000  0.000000  0.000000  0.000000  0.000000  0.000000  0.000000  0.000000  0.000000  0.000000  0.000000  0.000000  0.000000  0.000000  0.000000  0.000000  0.000000 
0 fac_black_khergits {!}Black_Khergits 0 11184810 
 0.000000  0.000000  0.000000  0.000000  0.000000  0.000000  0.000000  0.000000  0.000000  0.000000  0.000000  0.000000  0.000000  0.000000  0.000000  0.000000  0.000000  0.000000  0.000000  0.000000  0.000000  0.000000  0.000000  -0.300000  0.000000  -0.020000  -0.020000  0.000000  0.000000  0.000000  0.000000  0.000000  0.000000  0.000000  0.000000  0.000000  0.000000  0.000000  0.000000  0.500000  0.000000  0.000000  0.000000  0.000000  0.000000  0.000000  0.000000  0.000000  0.000000  0.000000  0.000000  0.000000  0.000000  0.000000  0.000000  0.000000  0.000000  0.000000  0.000000  0.000000  0.000000  0.000000  0.000000 
0 fac_manhunters Slavers 0 52428 
 0.000000  0.000000  -0.600000  0.000000  0.000000  0.000000  0.000000  0.000000  0.000000  0.000000  0.000000  0.000000  0.000000  0.000000  0.000000  0.000000  0.000000  0.000000  0.000000  0.000000  0.000000  0.000000  0.000000  0.100000  0.000000  0.000000  0.000000  0.000000  0.000000  0.000000  0.000000  0.000000  0.000000  0.000000  0.000000  0.000000  0.000000  0.000000  0.000000  0.000000  0.500000  -0.600000  -0.600000  -0.600000  -0.600000  -0.600000  -0.600000  -0.600000  -0.600000  -0.600000  -0.600000  -0.600000  -0.600000  -0.600000  -0.600000  -0.600000  -0.200000  -0.600000  -0.100000  0.000000  0.000000  0.000000  0.000000 
0 fac_deserters Deserters 0 8947848 
 0.000000  0.000000  0.000000  0.000000  0.000000  -0.500000  0.000000  0.000000  0.000000  0.000000  0.000000  0.000000  0.000000  0.000000  0.000000  0.000000  0.000000  0.000000  0.000000  0.000000  0.000000  0.000000  0.000000  -0.100000  -0.020000  -0.020000  -0.020000  -0.020000  -0.020000  -0.020000  -0.020000  -0.020000  -0.020000  -0.020000  -0.020000  -0.020000  0.000000  0.000000  0.000000  0.000000  -0.600000  0.500000  0.000000  -0.100000  0.000000  0.000000  0.000000  0.000000  0.000000  0.000000  -0.200000  0.000000  -0.200000  0.000000  -0.200000  -0.200000  0.000000  0.000000  -0.100000  0.000000  0.000000  0.000000  0.000000 
0 fac_mountain_bandits Manichaeans 0 16721920 
 0.000000  -0.200000  0.000000  0.000000  0.000000  -0.500000  0.000000  0.000000  0.000000  0.000000  0.000000  0.000000  0.000000  0.000000  0.000000  0.000000  0.000000  0.000000  0.000000  0.000000  0.000000  0.000000  0.000000  0.000000  0.000000  -0.050000  -0.050000  -0.050000  -0.050000  -0.050000  -0.050000  -0.050000  -0.050000  -0.050000  -0.050000  -0.050000  0.000000  0.000000  0.000000  0.000000  -0.600000  0.000000  0.500000  0.000000  0.000000  -0.200000  0.000000  0.000000  0.000000  0.000000  -0.200000  0.000000  0.000000  0.000000  0.000000  0.000000  0.000000  0.000000  0.000000  0.000000  0.000000  0.000000  0.000000 
0 fac_tuaregs Tuaregs 0 15919561 
 0.000000  -0.200000  -0.200000  0.000000  0.000000  -0.500000  0.000000  0.000000  0.000000  0.000000  0.000000  0.000000  0.000000  0.000000  0.000000  0.000000  0.000000  0.000000  0.000000  0.000000  0.000000  0.000000  0.000000  0.000000  0.000000  0.000000  0.000000  0.000000  0.000000  0.000000  -0.050000  0.000000  0.000000  0.000000  -0.050000  -0.050000  0.000000  0.000000  0.000000  0.000000  -0.600000  -0.100000  0.000000  0.500000  0.000000  0.000000  0.000000  0.000000  -0.200000  0.000000  0.000000  0.000000  0.000000  0.000000  0.000000  0.000000  0.000000  0.000000  -0.100000  0.000000  0.000000  0.000000  0.000000 
0 fac_bedouins Bedouins 0 16764133 
 0.000000  -0.200000  -0.200000  0.000000  0.000000  -0.500000  0.000000  0.000000  0.000000  0.000000  0.000000  0.000000  0.000000  0.000000  0.000000  0.000000  0.000000  0.000000  0.000000  0.000000  0.000000  0.000000  0.000000  0.000000  0.000000  -0.050000  -0.050000  -0.050000  -0.050000  -0.050000  -0.050000  -0.050000  -0.050000  -0.050000  -0.050000  -0.050000  0.000000  0.000000  0.000000  0.000000  -0.600000  0.000000  0.000000  0.000000  0.500000  0.000000  0.000000  0.000000  -0.200000  0.000000  0.000000  0.000000  0.000000  0.000000  0.000000  0.000000  0.000000  0.000000  -0.100000  0.000000  0.000000  0.000000  0.000000 
0 fac_daylamites Daylamites 0 10079487 
 0.000000  -0.200000  -0.200000  0.000000  0.000000  -0.500000  0.000000  0.000000  0.000000  0.000000  0.000000  0.000000  0.000000  0.000000  0.000000  0.000000  0.000000  0.000000  0.000000  0.000000  0.000000  0.000000  0.000000  0.000000  0.000000  -0.050000  -0.050000  -0.050000  -0.050000  -0.050000  -0.050000  -0.050000  -0.050000  -0.050000  -0.050000  -0.050000  0.000000  0.000000  0.000000  0.000000  -0.600000  0.000000  -0.200000  0.000000  0.000000  0.500000  0.000000  -0.200000  0.000000  0.000000  0.000000  0.000000  0.000000  0.000000  0.000000  0.000000  0.000000  0.000000  0.000000  0.000000  0.000000  0.000000  0.000000 
0 fac_karluks Karluks 0 14831409 
 0.000000  -0.200000  -0.200000  0.000000  0.000000  -0.500000  0.000000  0.000000  0.000000  0.000000  0.000000  0.000000  0.000000  0.000000  0.000000  0.000000  0.000000  0.000000  0.000000  0.000000  0.000000  0.000000  0.000000  0.000000  0.000000  -0.050000  -0.050000  -0.050000  -0.050000  -0.050000  -0.050000  -0.050000  -0.050000  -0.050000  -0.050000  -0.050000  0.000000  0.000000  0.000000  0.000000  -0.600000  0.000000  0.000000  0.000000  0.000000  0.000000  0.500000  0.000000  0.000000  0.000000  0.000000  0.000000  0.000000  0.000000  0.000000  0.000000  0.000000  0.000000  0.000000  0.000000  0.000000  0.000000  0.000000 
0 fac_forest_bandits Armenians 0 13395456 
 0.000000  -0.200000  -0.200000  0.000000  0.000000  -0.500000  0.000000  0.000000  0.000000  0.000000  0.000000  0.000000  0.000000  0.000000  0.000000  0.000000  0.000000  0.000000  0.000000  0.000000  0.000000  0.000000  0.000000  0.000000  0.000000  -0.050000  -0.050000  -0.050000  -0.050000  -0.050000  -0.050000  -0.050000  0.000000  -0.050000  -0.050000  -0.050000  0.000000  0.000000  0.000000  0.000000  -0.600000  0.000000  0.000000  0.000000  0.000000  -0.200000  0.000000  0.500000  0.000000  -0.200000  0.000000  0.000000  0.000000  0.000000  0.000000  0.000000  0.000000  0.000000  0.000000  0.000000  0.000000  0.000000  0.000000 
0 fac_jews Jews 0 16777113 
 0.000000  0.000000  -0.200000  0.000000  0.000000  -0.500000  0.000000  0.000000  0.000000  0.000000  0.000000  0.000000  0.000000  0.000000  0.000000  0.000000  0.000000  0.000000  0.000000  0.000000  0.000000  0.000000  0.000000  0.000000  0.000000  -0.050000  -0.050000  -0.050000  -0.050000  -0.050000  -0.050000  -0.050000  -0.050000  0.000000  -0.050000  -0.050000  0.000000  0.000000  0.000000  0.000000  -0.600000  0.000000  0.000000  -0.200000  -0.200000  0.000000  0.000000  0.000000  0.500000  0.000000  0.000000  -0.200000  0.000000  -0.200000  0.000000  0.000000  0.000000  0.000000  0.000000  0.000000  0.000000  0.000000  0.000000 
0 fac_khazars Khazars 0 16764133 
 0.000000  -0.200000  -0.200000  0.000000  0.000000  -0.500000  0.000000  0.000000  0.000000  0.000000  0.000000  0.000000  0.000000  0.000000  0.000000  0.000000  0.000000  0.000000  0.000000  0.000000  0.000000  0.000000  0.000000  0.000000  0.000000  -0.050000  -0.050000  -0.050000  -0.050000  -0.050000  -0.050000  -0.050000  -0.050000  -0.050000  -0.050000  -0.050000  0.000000  0.000000  0.000000  0.000000  -0.600000  0.000000  0.000000  0.000000  0.000000  0.000000  0.000000  -0.200000  0.000000  0.500000  0.000000  0.000000  0.000000  0.000000  0.000000  0.000000  0.000000  0.000000  -0.100000  0.000000  0.000000  0.000000  0.000000 
0 fac_hindus Hindus 0 16772846 
 0.000000  0.000000  -0.200000  0.000000  0.000000  -0.500000  0.000000  0.000000  0.000000  0.000000  0.000000  0.000000  0.000000  0.000000  0.000000  0.000000  0.000000  0.000000  0.000000  0.000000  0.000000  0.000000  0.000000  0.000000  0.000000  -0.050000  -0.050000  -0.050000  -0.050000  -0.050000  -0.050000  -0.050000  -0.050000  -0.050000  -0.050000  -0.050000  0.000000  0.000000  0.000000  0.000000  -0.600000  -0.200000  -0.200000  0.000000  0.000000  0.000000  0.000000  0.000000  0.000000  0.000000  0.500000  0.000000  0.000000  0.000000  0.000000  0.000000  0.000000  0.000000  -0.100000  0.000000  0.000000  0.000000  0.000000 
0 fac_copts Copts 0 14412287 
 0.000000  -0.200000  -0.200000  0.000000  0.000000  -0.500000  0.000000  0.000000  0.000000  0.000000  0.000000  0.000000  0.000000  0.000000  0.000000  0.000000  0.000000  0.000000  0.000000  0.000000  0.000000  0.000000  0.000000  0.000000  0.000000  -0.050000  -0.050000  -0.050000  -0.050000  -0.050000  -0.050000  -0.050000  -0.050000  -0.050000  -0.050000  0.000000  0.000000  0.000000  0.000000  0.000000  -0.600000  0.000000  0.000000  0.000000  0.000000  0.000000  0.000000  0.000000  -0.200000  0.000000  0.000000  0.500000  0.000000  0.000000  0.000000  0.000000  0.000000  0.000000  0.000000  0.000000  0.000000  0.000000  0.000000 
0 fac_bulgars Bulgar_Raiders 0 16772846 
 0.000000  0.000000  -0.200000  0.000000  0.000000  -0.500000  0.000000  0.000000  0.000000  0.000000  0.000000  0.000000  0.000000  0.000000  0.000000  0.000000  0.000000  0.000000  0.000000  0.000000  0.000000  0.000000  0.000000  0.000000  0.000000  -0.050000  -0.050000  -0.050000  -0.050000  -0.050000  -0.050000  0.000000  0.000000  0.000000  -0.050000  -0.050000  0.000000  0.000000  0.000000  0.000000  -0.600000  -0.200000  0.000000  0.000000  0.000000  0.000000  0.000000  0.000000  0.000000  0.000000  0.000000  0.000000  0.500000  0.000000  0.000000  0.000000  0.000000  0.000000  -0.100000  0.000000  0.000000  0.000000  0.000000 
0 fac_arab_pagans Arab_Pagans 0 16751052 
 0.000000  -0.200000  -0.200000  0.000000  0.000000  -0.500000  0.000000  0.000000  0.000000  0.000000  0.000000  0.000000  0.000000  0.000000  0.000000  0.000000  0.000000  0.000000  0.000000  0.000000  0.000000  0.000000  0.000000  0.000000  0.000000  -0.050000  -0.050000  -0.050000  -0.050000  -0.050000  -0.050000  -0.050000  -0.050000  -0.050000  -0.050000  -0.050000  0.000000  0.000000  0.000000  0.000000  -0.600000  0.000000  0.000000  0.000000  0.000000  0.000000  0.000000  0.000000  -0.200000  0.000000  0.000000  0.000000  0.000000  0.500000  0.000000  0.000000  0.000000  0.000000  0.000000  0.000000  0.000000  0.000000  0.000000 
0 fac_slavs Slavs 0 5145079 
 0.000000  -0.200000  -0.200000  0.000000  0.000000  -0.500000  0.000000  0.000000  0.000000  0.000000  0.000000  0.000000  0.000000  0.000000  0.000000  0.000000  0.000000  0.000000  0.000000  0.000000  0.000000  0.000000  0.000000  0.000000  0.000000  -0.050000  -0.050000  -0.050000  -0.050000  -0.050000  -0.050000  -0.050000  -0.050000  -0.050000  -0.050000  -0.050000  0.000000  0.000000  0.000000  0.000000  -0.600000  -0.200000  0.000000  0.000000  0.000000  0.000000  0.000000  0.000000  0.000000  0.000000  0.000000  0.000000  0.000000  0.000000  0.500000  0.000000  0.000000  0.000000  0.000000  0.000000  0.000000  0.000000  0.000000 
0 fac_langobards Langobards 0 65408 
 0.000000  -0.200000  -0.200000  0.000000  0.000000  -0.500000  0.000000  0.000000  0.000000  0.000000  0.000000  0.000000  0.000000  0.000000  0.000000  0.000000  0.000000  0.000000  0.000000  0.000000  0.000000  0.000000  0.000000  0.000000  0.000000  -0.050000  -0.050000  -0.050000  -0.050000  -0.050000  -0.050000  -0.050000  -0.050000  -0.050000  -0.050000  -0.050000  0.000000  0.000000  0.000000  0.000000  -0.600000  -0.200000  0.000000  0.000000  0.000000  0.000000  0.000000  0.000000  0.000000  0.000000  0.000000  0.000000  0.000000  0.000000  0.000000  0.500000  0.000000  0.000000  0.000000  0.000000  0.000000  0.000000  0.000000 
0 fac_villager_rebels Peasant_Rebels 33280 8947848 
 0.000000  0.000000  0.000000  0.000000  0.000000  0.000000  0.000000  0.000000  0.000000  0.000000  0.000000  0.000000  0.000000  0.000000  0.000000  0.000000  0.000000  0.000000  0.000000  0.000000  0.000000  0.000000  0.000000  -0.150000  0.000000  0.000000  0.000000  0.000000  0.000000  0.000000  0.000000  0.000000  0.000000  0.000000  0.000000  0.000000  0.000000  0.000000  0.000000  0.000000  -0.200000  0.000000  0.000000  0.000000  0.000000  0.000000  0.000000  0.000000  0.000000  0.000000  0.000000  0.000000  0.000000  0.000000  0.000000  0.000000  0.500000  0.000000  0.000000  0.000000  0.000000  0.000000  0.000000 
0 fac_robbers Robbers 33280 8947848 
 0.000000  0.000000  0.000000  0.000000  0.000000  0.000000  0.000000  0.000000  0.000000  0.000000  0.000000  0.000000  0.000000  0.000000  0.000000  0.000000  0.000000  0.000000  0.000000  0.000000  0.000000  0.000000  0.000000  -0.150000  0.000000  0.000000  0.000000  0.000000  0.000000  0.000000  0.000000  0.000000  0.000000  0.000000  0.000000  0.000000  0.000000  0.000000  0.000000  0.000000  -0.600000  0.000000  0.000000  0.000000  0.000000  0.000000  0.000000  0.000000  0.000000  0.000000  0.000000  0.000000  0.000000  0.000000  0.000000  0.000000  0.000000  0.500000  0.000000  0.000000  0.000000  0.000000  0.000000 
0 fac_travellers Travellers 0 15398640 
 0.000000  0.000000  -0.600000  0.000000  0.000000  0.000000  0.000000  0.000000  0.000000  0.000000  0.000000  0.000000  0.000000  0.000000  0.000000  0.000000  0.000000  0.000000  0.000000  0.000000  0.000000  0.000000  0.000000  0.100000  0.000000  0.000000  0.000000  0.000000  0.000000  0.000000  0.000000  0.000000  0.000000  0.000000  0.000000  0.000000  0.000000  0.000000  0.000000  0.000000  -0.100000  -0.100000  0.000000  -0.100000  -0.100000  0.000000  0.000000  0.000000  0.000000  -0.100000  -0.100000  0.000000  -0.100000  0.000000  0.000000  0.000000  0.000000  0.000000  0.500000  0.000000  0.000000  0.000000  0.000000 
0 fac_undeads {!}Undeads 33280 11184810 
 0.000000  -0.700000  0.000000  0.000000  0.000000  0.000000  0.000000  0.000000  0.000000  0.000000  0.000000  0.000000  0.000000  0.000000  0.000000  0.000000  0.000000  0.000000  0.000000  0.000000  0.000000  0.000000  0.000000  -0.500000  0.000000  0.000000  0.000000  0.000000  0.000000  0.000000  0.000000  0.000000  0.000000  0.000000  0.000000  0.000000  0.000000  0.000000  0.000000  0.000000  0.000000  0.000000  0.000000  0.000000  0.000000  0.000000  0.000000  0.000000  0.000000  0.000000  0.000000  0.000000  0.000000  0.000000  0.000000  0.000000  0.000000  0.000000  0.000000  0.500000  0.000000  0.000000  0.000000 
0 fac_slavers {!}Slavers 0 11184810 
 0.000000  0.000000  0.000000  0.000000  0.000000  0.000000  0.000000  0.000000  0.000000  0.000000  0.000000  0.000000  0.000000  0.000000  0.000000  0.000000  0.000000  0.000000  0.000000  0.000000  0.000000  0.000000  0.000000  0.000000  0.000000  0.000000  0.000000  0.000000  0.000000  0.000000  0.000000  0.000000  0.000000  0.000000  0.000000  0.000000  0.000000  0.000000  0.000000  0.000000  0.000000  0.000000  0.000000  0.000000  0.000000  0.000000  0.000000  0.000000  0.000000  0.000000  0.000000  0.000000  0.000000  0.000000  0.000000  0.000000  0.000000  0.000000  0.000000  0.000000  0.100000  0.000000  0.000000 
0 fac_peasant_rebels {!}Peasant_Rebels 0 11184810 
 0.000000  0.000000  0.000000  0.000000  0.000000  0.000000  0.000000  0.000000  0.000000  0.000000  0.000000  0.000000  0.000000  0.000000  0.000000  0.000000  0.000000  0.000000  0.000000  0.000000  0.000000  0.000000  0.000000  -0.400000  -0.100000  -0.100000  -0.100000  -0.100000  -0.100000  -0.100000  -0.100000  -0.100000  -0.100000  -0.100000  -0.100000  -0.100000  0.000000  0.000000  0.000000  0.000000  0.000000  0.000000  0.000000  0.000000  0.000000  0.000000  0.000000  0.000000  0.000000  0.000000  0.000000  0.000000  0.000000  0.000000  0.000000  0.000000  0.000000  0.000000  0.000000  0.000000  0.000000  1.000000  -1.000000 
0 fac_noble_refugees {!}Noble_Refugees 0 11184810 
 0.000000  0.000000  0.000000  0.000000  0.000000  0.000000  0.000000  0.000000  0.000000  0.000000  0.000000  0.000000  0.000000  0.000000  0.000000  0.000000  0.000000  0.000000  0.000000  0.000000  0.000000  0.000000  0.000000  0.000000  0.000000  0.000000  0.000000  0.000000  0.000000  0.000000  0.000000  0.000000  0.000000  0.000000  0.000000  0.000000  0.000000  0.000000  0.000000  0.000000  0.000000  0.000000  0.000000  0.000000  0.000000  0.000000  0.000000  0.000000  0.000000  0.000000  0.000000  0.000000  0.000000  0.000000  0.000000  0.000000  0.000000  0.000000  0.000000  0.000000  0.000000  -1.000000  0.500000 
0 