partiesfile version 1
433 433
 1 0 0 p_main_party Main_Party 1048576 0 0 23 0 0 0 0 0 17.000000 52.500000 17.000000 52.500000 17.000000 52.500000 0.0 1 0 1 0 0 
0.000000
 1 1 1 p_temp_party {!}temp_party 256 0 0 1 0 0 0 0 0 0.000000 0.000000 0.000000 0.000000 0.000000 0.000000 0.0 0 
0.000000
 1 2 2 p_camp_bandits {!}camp_bandits 256 0 0 2 0 0 0 0 0 1.000000 1.000000 1.000000 1.000000 1.000000 1.000000 0.0 1 3 3 0 0 
0.000000
 1 3 3 p_temp_party_2 {!}temp_party_2 256 0 0 1 0 0 0 0 0 0.000000 0.000000 0.000000 0.000000 0.000000 0.000000 0.0 0 
0.000000
 1 4 4 p_temp_casualties {!}casualties 256 0 0 3 0 0 0 0 0 1.000000 1.000000 1.000000 1.000000 1.000000 1.000000 0.0 0 
0.000000
 1 5 5 p_temp_casualties_2 {!}casualties 256 0 0 3 0 0 0 0 0 1.000000 1.000000 1.000000 1.000000 1.000000 1.000000 0.0 0 
0.000000
 1 6 6 p_temp_casualties_3 {!}casualties 256 0 0 3 0 0 0 0 0 1.000000 1.000000 1.000000 1.000000 1.000000 1.000000 0.0 0 
0.000000
 1 7 7 p_temp_wounded {!}enemies_wounded 256 0 0 3 0 0 0 0 0 1.000000 1.000000 1.000000 1.000000 1.000000 1.000000 0.0 0 
0.000000
 1 8 8 p_temp_killed {!}enemies_killed 256 0 0 3 0 0 0 0 0 1.000000 1.000000 1.000000 1.000000 1.000000 1.000000 0.0 0 
0.000000
 1 9 9 p_main_party_backup {!}_ 256 0 0 3 0 0 0 0 0 1.000000 1.000000 1.000000 1.000000 1.000000 1.000000 0.0 0 
0.000000
 1 10 10 p_encountered_party_backup {!}_ 256 0 0 3 0 0 0 0 0 1.000000 1.000000 1.000000 1.000000 1.000000 1.000000 0.0 0 
0.000000
 1 11 11 p_collective_friends_backup {!}_ 256 0 0 3 0 0 0 0 0 1.000000 1.000000 1.000000 1.000000 1.000000 1.000000 0.0 0 
0.000000
 1 12 12 p_player_casualties {!}_ 256 0 0 3 0 0 0 0 0 1.000000 1.000000 1.000000 1.000000 1.000000 1.000000 0.0 0 
0.000000
 1 13 13 p_enemy_casualties {!}_ 256 0 0 3 0 0 0 0 0 1.000000 1.000000 1.000000 1.000000 1.000000 1.000000 0.0 0 
0.000000
 1 14 14 p_ally_casualties {!}_ 256 0 0 3 0 0 0 0 0 1.000000 1.000000 1.000000 1.000000 1.000000 1.000000 0.0 0 
0.000000
 1 15 15 p_collective_enemy {!}collective_enemy 256 0 0 3 0 0 0 0 0 1.000000 1.000000 1.000000 1.000000 1.000000 1.000000 0.0 0 
0.000000
 1 16 16 p_collective_ally {!}collective_ally 256 0 0 3 0 0 0 0 0 1.000000 1.000000 1.000000 1.000000 1.000000 1.000000 0.0 0 
0.000000
 1 17 17 p_collective_friends {!}collective_ally 256 0 0 3 0 0 0 0 0 1.000000 1.000000 1.000000 1.000000 1.000000 1.000000 0.0 0 
0.000000
 1 18 18 p_total_enemy_casualties {!}_ 256 0 0 3 0 0 0 0 0 1.000000 1.000000 1.000000 1.000000 1.000000 1.000000 0.0 0 
0.000000
 1 19 19 p_routed_enemies {!}routed_enemies 256 0 0 3 0 0 0 0 0 1.000000 1.000000 1.000000 1.000000 1.000000 1.000000 0.0 0 
0.000000
 1 20 20 p_freelancer_party_backup {!} 256 0 0 3 0 0 0 0 0 1.000000 1.000000 1.000000 1.000000 1.000000 1.000000 0.0 0 
0.000000
 1 21 21 p_zendar Zendar 2114828 0 0 3 0 0 0 0 0 360.000000 -6.000000 360.000000 -6.000000 360.000000 -6.000000 0.0 0 
0.000000
 1 22 22 p_town_1 Ecbatana 4219985 0 0 3 0 0 0 0 0 132.500000 15.000000 132.500000 15.000000 132.500000 15.000000 0.0 0 
2.967060
 1 23 23 p_town_2 Maghas 4219983 0 0 3 0 0 0 0 0 68.100000 101.800000 68.100000 101.800000 68.100000 101.800000 0.0 0 
2.094395
 1 24 24 p_town_3 Muscat 4219986 0 0 3 0 0 0 0 0 280.900000 -114.200000 280.900000 -114.200000 280.900000 -114.200000 0.0 0 
1.396263
 1 25 25 p_town_4 Ratiaria 4219983 0 0 3 0 0 0 0 0 -123.700000 63.000000 -123.700000 63.000000 -123.700000 63.000000 0.0 0 
5.061455
 1 26 26 p_town_5 Medina 4219989 0 0 3 0 0 0 0 0 81.850000 -172.640000 81.850000 -172.640000 81.850000 -172.640000 0.0 0 
1.570796
 1 27 27 p_town_6 Ctesiphon 4219985 0 0 3 0 0 0 0 0 99.760000 -17.370000 99.760000 -17.370000 99.760000 -17.370000 0.0 0 
2.705260
 1 28 28 p_town_7 Sepahan 4219985 0 0 3 0 0 0 0 0 184.250000 -8.900000 184.250000 -8.900000 184.250000 -8.900000 0.0 0 
4.188790
 1 29 29 p_town_8 Bukhara 4219984 0 0 3 0 0 0 0 0 244.850000 134.890000 244.850000 134.890000 244.850000 134.890000 0.0 0 
3.054326
 1 30 30 p_town_9 Trapezus 4219982 0 0 3 0 0 0 0 0 24.890000 56.930000 24.890000 56.930000 24.890000 56.930000 0.0 0 
1.570796
 1 31 31 p_town_10 Konstantinopolis 4219987 0 0 3 0 0 0 0 0 -65.040000 30.570000 -65.040000 30.570000 -65.040000 30.570000 0.0 0 
5.410521
 1 32 32 p_town_11 Urgench 4219984 0 0 3 0 0 0 0 0 194.300000 135.300000 194.300000 135.300000 194.300000 135.300000 0.0 0 
2.617994
 1 33 33 p_town_12 Samarkand 4219985 0 0 3 0 0 0 0 0 275.500000 120.800000 275.500000 120.800000 275.500000 120.800000 0.0 0 
0.436332
 1 34 34 p_town_13 San'a 4219986 0 0 3 0 0 0 0 0 152.400000 -254.500000 152.400000 -254.500000 152.400000 -254.500000 0.0 0 
1.047198
 1 35 35 p_town_14 Caesarea 4219982 0 0 3 0 0 0 0 0 6.700000 13.400000 6.700000 13.400000 6.700000 13.400000 0.0 0 
2.356194
 1 36 36 p_town_15 Mecca 4219986 0 0 3 0 0 0 0 0 102.790000 -214.210000 102.790000 -214.210000 102.790000 -214.210000 0.0 0 
0.785398
 1 37 37 p_town_16 Rhagae 4219985 0 0 3 0 0 0 0 0 157.300000 23.600000 157.300000 23.600000 157.300000 23.600000 0.0 0 
0.000000
 1 38 38 p_town_17 Damascus 4219982 0 0 3 0 0 0 0 0 40.900000 -51.900000 40.900000 -51.900000 40.900000 -51.900000 0.0 0 
1.570796
 1 39 39 p_town_18 Nicaea 4219982 0 0 3 0 0 0 0 0 -57.530000 12.980000 -57.530000 12.980000 -57.530000 12.980000 0.0 0 
2.356194
 1 40 40 p_town_19 Athenai 4219982 0 0 3 0 0 0 0 0 -106.000000 -27.000000 -106.000000 -27.000000 -106.000000 -27.000000 0.0 0 
0.785398
 1 41 41 p_town_20 Alexandria 4219982 0 0 3 0 0 0 0 0 -32.210000 -111.290000 -32.210000 -111.290000 -32.210000 -111.290000 0.0 0 
4.712389
 1 42 42 p_town_21 Jerusalem 4219988 0 0 3 0 0 0 0 0 20.670000 -79.700000 20.670000 -79.700000 20.670000 -79.700000 0.0 0 
5.759586
 1 43 43 p_town_23 Pest 4219983 0 0 3 0 0 0 0 0 -144.500000 92.000000 -144.500000 92.000000 -144.500000 92.000000 0.0 0 
5.759586
 1 44 44 p_town_24 Tabuk 4219989 0 0 3 0 0 0 0 0 40.500000 -133.500000 40.500000 -133.500000 40.500000 -133.500000 0.0 0 
3.926991
 1 45 45 p_town_25 Phanagoria 4219983 0 0 3 0 0 0 0 0 -8.700000 104.900000 -8.700000 104.900000 -8.700000 104.900000 0.0 0 
3.926991
 1 46 46 p_town_26 Aksum 4219986 0 0 3 0 0 0 0 0 66.250000 -277.900000 66.250000 -277.900000 66.250000 -277.900000 0.0 0 
0.785398
 1 47 47 p_town_27 Tungul 4219986 0 0 3 0 0 0 0 0 -11.800000 -246.500000 -11.800000 -246.500000 -11.800000 -246.500000 0.0 0 
0.785398
 1 48 48 p_town_28 Estakhr 4219985 0 0 3 0 0 0 0 0 193.650000 -44.150000 193.650000 -44.150000 193.650000 -44.150000 0.0 0 
0.785398
 1 49 49 p_town_29 Nishapur 4219985 0 0 3 0 0 0 0 0 235.000000 44.000000 235.000000 44.000000 235.000000 44.000000 0.0 0 
0.785398
 1 50 50 p_town_22 Memphis 4219982 0 0 3 0 0 0 0 0 -23.520000 -128.720000 -23.520000 -128.720000 -23.520000 -128.720000 0.0 0 
3.926991
 1 51 51 p_castle_1 Kazimah 4215897 0 0 3 0 0 0 0 0 142.400000 -69.800000 142.400000 -69.800000 142.400000 -69.800000 0.0 0 
0.872665
 1 52 52 p_castle_2 Myos_Hormos 4215894 0 0 3 0 0 0 0 0 17.200000 -147.100000 17.200000 -147.100000 17.200000 -147.100000 0.0 0 
1.308997
 1 53 53 p_castle_3 Drapsaka 4215898 0 0 3 0 0 0 0 0 324.000000 85.000000 324.000000 85.000000 324.000000 85.000000 0.0 0 
1.745329
 1 54 54 p_castle_4 Aksikent 4215896 0 0 3 0 0 0 0 0 320.000000 150.000000 320.000000 150.000000 320.000000 150.000000 0.0 0 
3.141593
 1 55 55 p_castle_5 Hatra 4215898 0 0 3 0 0 0 0 0 84.910000 -6.000000 84.910000 -6.000000 84.910000 -6.000000 0.0 0 
1.570796
 1 56 56 p_castle_6 Zarang 4215898 0 0 3 0 0 0 0 0 273.880000 -23.160000 273.880000 -23.160000 273.880000 -23.160000 0.0 0 
0.959931
 1 57 57 p_castle_7 Gaza 4215894 0 0 3 0 0 0 0 0 11.700000 -89.900000 11.700000 -89.900000 11.700000 -89.900000 0.0 0 
0.785398
 1 58 58 p_castle_8 Balkh 4215898 0 0 3 0 0 0 0 0 298.500000 82.300000 298.500000 82.300000 298.500000 82.300000 0.0 0 
0.523599
 1 59 59 p_castle_9 Sinope 4215894 0 0 3 0 0 0 0 0 -17.940000 50.540000 -17.940000 50.540000 -17.940000 50.540000 0.0 0 
1.745329
 1 60 60 p_castle_10 Kutaisi 4215895 0 0 3 0 0 0 0 0 57.400000 80.000000 57.400000 80.000000 57.400000 80.000000 0.0 0 
1.919862
 1 61 61 p_castle_11 Samandar 4215896 0 0 3 0 0 0 0 0 89.000000 124.800000 89.000000 124.800000 89.000000 124.800000 0.0 0 
1.308997
 1 62 62 p_castle_12 Tashkent 4215896 0 0 3 0 0 0 0 0 288.200000 160.800000 288.200000 160.800000 288.200000 160.800000 0.0 0 
1.658063
 1 63 63 p_castle_13 Susia 4215898 0 0 3 0 0 0 0 0 160.000000 -38.000000 160.000000 -38.000000 160.000000 -38.000000 0.0 0 
2.007129
 1 64 64 p_castle_14 Antiocheia 4215894 0 0 3 0 0 0 0 0 15.360000 -23.550000 15.360000 -23.550000 15.360000 -23.550000 0.0 0 
4.537856
 1 65 65 p_castle_15 Al_Khutt 4215897 0 0 3 0 0 0 0 0 176.700000 -107.250000 176.700000 -107.250000 176.700000 -107.250000 0.0 0 
4.101524
 1 66 66 p_castle_16 Zafar 4215897 0 0 3 0 0 0 0 0 152.500000 -266.600000 152.500000 -266.600000 152.500000 -266.600000 0.0 0 
0.785398
 1 67 67 p_castle_17 Ephesos 4215894 0 0 3 0 0 0 0 0 -73.000000 -17.000000 -73.000000 -17.000000 -73.000000 -17.000000 0.0 0 
0.261799
 1 68 68 p_castle_18 Callinicum 4215894 0 0 3 0 0 0 0 0 53.000000 -21.000000 53.000000 -21.000000 53.000000 -21.000000 0.0 0 
5.235988
 1 69 69 p_castle_19 Ancyra 4215894 0 0 3 0 0 0 0 0 -30.400000 17.000000 -30.400000 17.000000 -30.400000 17.000000 0.0 0 
4.886922
 1 70 70 p_castle_20 Attaleia 4215894 0 0 3 0 0 0 0 0 -39.500000 -30.000000 -39.500000 -30.000000 -39.500000 -30.000000 0.0 0 
4.537856
 1 71 71 p_castle_21 Ta'if 4215897 0 0 3 0 0 0 0 0 127.200000 -218.250000 127.200000 -218.250000 127.200000 -218.250000 0.0 0 
4.537856
 1 72 72 p_castle_22 Theodosiopolis 4215894 0 0 3 0 0 0 0 0 61.500000 47.500000 61.500000 47.500000 61.500000 47.500000 0.0 0 
4.537856
 1 73 73 p_castle_23 Vahman_Ardashir 4215898 0 0 3 0 0 0 0 0 135.370000 -49.150000 135.370000 -49.150000 135.370000 -49.150000 0.0 0 
1.396263
 1 74 74 p_castle_24 Ganzak 4215898 0 0 3 0 0 0 0 0 131.500000 34.700000 131.500000 34.700000 131.500000 34.700000 0.0 0 
4.537856
 1 75 75 p_castle_25 Nisa 4215898 0 0 3 0 0 0 0 0 212.000000 100.000000 212.000000 100.000000 212.000000 100.000000 0.0 0 
4.537856
 1 76 76 p_castle_26 Hormuz 4215898 0 0 3 0 0 0 0 0 251.200000 -72.200000 251.200000 -72.200000 251.200000 -72.200000 0.0 0 
4.537856
 1 77 77 p_castle_27 Merv 4215898 0 0 3 0 0 0 0 0 266.000000 74.000000 266.000000 74.000000 266.000000 74.000000 0.0 0 
4.537856
 1 78 78 p_castle_28 Ayla 4215897 0 0 3 0 0 0 0 0 28.200000 -126.200000 28.200000 -126.200000 28.200000 -126.200000 0.0 0 
4.537856
 1 79 79 p_castle_29 Suyab 4215896 0 0 3 0 0 0 0 0 328.900000 210.440000 328.900000 210.440000 328.900000 210.440000 0.0 0 
4.886922
 1 80 80 p_castle_30 Anazarbus 4215894 0 0 3 0 0 0 0 0 10.200000 -7.600000 10.200000 -7.600000 10.200000 -7.600000 0.0 0 
1.570796
 1 81 81 p_castle_31 Temes 4215895 0 0 3 0 0 0 0 0 -135.000000 73.000000 -135.000000 73.000000 -135.000000 73.000000 0.0 0 
4.537856
 1 82 82 p_castle_32 Skhimar 4215895 0 0 3 0 0 0 0 0 41.300000 102.400000 41.300000 102.400000 41.300000 102.400000 0.0 0 
4.537856
 1 83 83 p_castle_33 Najran 4215897 0 0 3 0 0 0 0 0 149.890000 -243.210000 149.890000 -243.210000 149.890000 -243.210000 0.0 0 
1.396263
 1 84 84 p_castle_34 Kerman 4215898 0 0 3 0 0 0 0 0 240.000000 -29.500000 240.000000 -29.500000 240.000000 -29.500000 0.0 0 
4.537856
 1 85 85 p_castle_35 Sopianae 4215895 0 0 3 0 0 0 0 0 -160.000000 72.400000 -160.000000 72.400000 -160.000000 72.400000 0.0 0 
4.537856
 1 86 86 p_castle_37 Dumat_al_Jandal 4215897 0 0 3 0 0 0 0 0 82.600000 -111.700000 82.600000 -111.700000 82.600000 -111.700000 0.0 0 
4.537856
 1 87 87 p_castle_39 Otrar 4215896 0 0 3 0 0 0 0 0 292.500000 174.600000 292.500000 174.600000 292.500000 174.600000 0.0 0 
4.886922
 1 88 88 p_castle_40 Iconion 4215894 0 0 3 0 0 0 0 0 -25.040000 -9.440000 -25.040000 -9.440000 -25.040000 -9.440000 0.0 0 
4.537856
 1 89 89 p_castle_41 Scarbantia 4215895 0 0 3 0 0 0 0 0 -169.000000 95.000000 -169.000000 95.000000 -169.000000 95.000000 0.0 0 
4.537856
 1 90 90 p_castle_42 Euchaita 4215894 0 0 3 0 0 0 0 0 -0.500000 32.900000 -0.500000 32.900000 -0.500000 32.900000 0.0 0 
1.396263
 1 91 91 p_castle_43 Carrhae 4215898 0 0 3 0 0 0 0 0 56.250000 -4.000000 56.250000 -4.000000 56.250000 -4.000000 0.0 0 
4.537856
 1 92 92 p_castle_44 Adrianopolis 4215894 0 0 3 0 0 0 0 0 -91.500000 33.500000 -91.500000 33.500000 -91.500000 33.500000 0.0 0 
4.537856
 1 93 93 p_castle_45 Syganak 4215896 0 0 3 0 0 0 0 0 270.000000 174.250000 270.000000 174.250000 270.000000 174.250000 0.0 0 
4.537856
 1 94 94 p_castle_46 Akka 4215894 0 0 3 0 0 0 0 0 16.560000 -57.340000 16.560000 -57.340000 16.560000 -57.340000 0.0 0 
4.537856
 1 95 95 p_castle_47 Muynak 4215896 0 0 3 0 0 0 0 0 185.300000 149.400000 185.300000 149.400000 185.300000 149.400000 0.0 0 
4.537856
 1 96 96 p_castle_48 Prespa 4215894 0 0 3 0 0 0 0 0 -131.810000 10.170000 -131.810000 10.170000 -131.810000 10.170000 0.0 0 
4.537856
 1 97 97 p_castle_49 Skoupoi 4215894 0 0 3 0 0 0 0 0 -139.750000 34.410000 -139.750000 34.410000 -139.750000 34.410000 0.0 0 
4.537856
 1 98 98 p_castle_50 Durostolon 4215894 0 0 3 0 0 0 0 0 -83.000000 63.000000 -83.000000 63.000000 -83.000000 63.000000 0.0 0 
4.537856
 1 99 99 p_castle_51 Hermopolis 4215894 0 0 3 0 0 0 0 0 -23.170000 -144.000000 -23.170000 -144.000000 -23.170000 -144.000000 0.0 0 
4.537856
 1 100 100 p_castle_52 Thessaloniki 4215894 0 0 3 0 0 0 0 0 -114.900000 11.500000 -114.900000 11.500000 -114.900000 11.500000 0.0 0 
4.537856
 1 101 101 p_castle_53 Smyrna 4215894 0 0 3 0 0 0 0 0 -79.050000 -0.880000 -79.050000 -0.880000 -79.050000 -0.880000 0.0 0 
4.537856
 1 102 102 p_castle_54 Herat 4215898 0 0 3 0 0 0 0 0 282.500000 48.000000 282.500000 48.000000 282.500000 48.000000 0.0 0 
4.537856
 1 103 103 p_castle_56 Olbia 4215894 0 0 3 0 0 0 0 0 -58.400000 107.700000 -58.400000 107.700000 -58.400000 107.700000 0.0 0 
4.537856
 1 104 104 p_castle_57 Sambat 4215895 0 0 3 0 0 0 0 0 -66.300000 148.000000 -66.300000 148.000000 -66.300000 148.000000 0.0 0 
4.537856
 1 105 105 p_castle_58 Itil 4215896 0 0 3 0 0 0 0 0 84.700000 163.200000 84.700000 163.200000 84.700000 163.200000 0.0 0 
4.537856
 1 106 106 p_castle_59 Darband 4215898 0 0 3 0 0 0 0 0 114.000000 99.000000 114.000000 99.000000 114.000000 99.000000 0.0 0 
4.537856
 1 107 107 p_castle_60 Ltava 4215895 0 0 3 0 0 0 0 0 -29.100000 154.500000 -29.100000 154.500000 -29.100000 154.500000 0.0 0 
4.537856
 1 108 108 p_castle_61 Duin 4215898 0 0 3 0 0 0 0 0 93.690000 61.340000 93.690000 61.340000 93.690000 61.340000 0.0 0 
4.537856
 1 109 109 p_castle_62 Gurgan 4215898 0 0 3 0 0 0 0 0 189.000000 66.500000 189.000000 66.500000 189.000000 66.500000 0.0 0 
4.537856
 1 110 110 p_castle_63 Yengikent 4215896 0 0 3 0 0 0 0 0 204.200000 183.200000 204.200000 183.200000 204.200000 183.200000 0.0 0 
4.537856
 1 111 111 p_castle_64 Bagaran 4215898 0 0 3 0 0 0 0 0 78.500000 65.000000 78.500000 65.000000 78.500000 65.000000 0.0 0 
4.537856
 1 112 112 p_castle_65 Citharizum 4215894 0 0 3 0 0 0 0 0 67.000000 29.000000 67.000000 29.000000 67.000000 29.000000 0.0 0 
4.537856
 1 113 113 p_castle_66 Sohar 4215897 0 0 3 0 0 0 0 0 262.000000 -111.000000 262.000000 -111.000000 262.000000 -111.000000 0.0 0 
4.101524
 1 114 114 p_castle_67 Adhruh 4215897 0 0 3 0 0 0 0 0 36.900000 -113.800000 36.900000 -113.800000 36.900000 -113.800000 0.0 0 
4.101524
 1 115 115 p_castle_68 Vindobona 4215895 0 0 3 0 0 0 0 0 -171.500000 110.500000 -171.500000 110.500000 -171.500000 110.500000 0.0 0 
4.537856
 1 116 116 p_castle_69 Gerulata 4215895 0 0 3 0 0 0 0 0 -155.000000 103.000000 -155.000000 103.000000 -155.000000 103.000000 0.0 0 
4.537856
 1 117 117 p_castle_70 Tadmur 4215897 0 0 3 0 0 0 0 0 55.700000 -37.600000 55.700000 -37.600000 55.700000 -37.600000 0.0 0 
4.537856
 1 118 118 p_castle_71 Busra 4215897 0 0 3 0 0 0 0 0 49.750000 -65.700000 49.750000 -65.700000 49.750000 -65.700000 0.0 0 
4.537856
 1 119 119 p_castle_72 Artavil 4215898 0 0 3 0 0 0 0 0 125.270000 54.800000 125.270000 54.800000 125.270000 54.800000 0.0 0 
4.537856
 1 120 120 p_castle_73 Van 4215898 0 0 3 0 0 0 0 0 98.800000 43.000000 98.800000 43.000000 98.800000 43.000000 0.0 0 
4.537856
 1 121 121 p_castle_74 Darial 4215898 0 0 3 0 0 0 0 0 91.600000 86.900000 91.600000 86.900000 91.600000 86.900000 0.0 0 
4.537856
 1 122 122 p_castle_75 Adulis 4215897 0 0 3 0 0 0 0 0 83.770000 -253.150000 83.770000 -253.150000 83.770000 -253.150000 0.0 0 
4.101524
 1 123 123 p_castle_76 Zeila 4215897 0 0 3 0 0 0 0 0 114.900000 -281.700000 114.900000 -281.700000 114.900000 -281.700000 0.0 0 
4.101524
 1 124 124 p_castle_77 Adi_Ugri 4215897 0 0 3 0 0 0 0 0 66.600000 -267.900000 66.600000 -267.900000 66.600000 -267.900000 0.0 0 
4.101524
 1 125 125 p_castle_78 Hajr 4215897 0 0 3 0 0 0 0 0 161.450000 -141.400000 161.450000 -141.400000 161.450000 -141.400000 0.0 0 
4.101524
 1 126 126 p_castle_79 Pakhoras 4215897 0 0 3 0 0 0 0 0 -24.700000 -207.500000 -24.700000 -207.500000 -24.700000 -207.500000 0.0 0 
4.101524
 1 127 127 p_castle_80 Soba 4215897 0 0 3 0 0 0 0 0 12.400000 -275.000000 12.400000 -275.000000 12.400000 -275.000000 0.0 0 
4.101524
 1 128 128 p_castle_81 Silimi 4215897 0 0 3 0 0 0 0 0 -11.800000 -200.650000 -11.800000 -200.650000 -11.800000 -200.650000 0.0 0 
4.101524
 1 129 129 p_castle_82 Rasht 4215898 0 0 3 0 0 0 0 0 145.000000 56.500000 145.000000 56.500000 145.000000 56.500000 0.0 0 
4.537856
 1 130 130 p_castle_83 Al_Hirah 4215897 0 0 3 0 0 0 0 0 94.950000 -42.600000 94.950000 -42.600000 94.950000 -42.600000 0.0 0 
4.101524
 1 131 131 p_castle_84 Meroe 4215897 0 0 3 0 0 0 0 0 15.800000 -259.500000 15.800000 -259.500000 15.800000 -259.500000 0.0 0 
4.101524
 1 132 132 p_castle_85 Koptos 4215894 0 0 3 0 0 0 0 0 -3.000000 -158.800000 -3.000000 -158.800000 -3.000000 -158.800000 0.0 0 
1.308997
 1 133 133 p_castle_86 Philippopolis 4215894 0 0 3 0 0 0 0 0 -110.300000 35.800000 -110.300000 35.800000 -110.300000 35.800000 0.0 0 
1.308997
 1 134 134 p_castle_88 Irbid 4215897 0 0 3 0 0 0 0 0 38.600000 -65.270000 38.600000 -65.270000 38.600000 -65.270000 0.0 0 
1.308997
 1 135 135 p_castle_87 Tskhumi 4215895 0 0 3 0 0 0 0 0 27.000000 88.000000 27.000000 88.000000 27.000000 88.000000 0.0 0 
4.537856
 1 136 136 p_castle_55 Bakuh 4215898 0 0 3 0 0 0 0 0 133.000000 90.000000 133.000000 90.000000 133.000000 90.000000 0.0 0 
4.537856
 1 137 137 p_village_1 Nahavand 2114575 0 0 3 0 0 0 0 0 132.000000 -3.500000 132.000000 -3.500000 132.000000 -3.500000 0.0 0 
1.745329
 1 138 138 p_village_2 Ilam 2114575 0 0 3 0 0 0 0 0 143.730000 -31.880000 143.730000 -31.880000 143.730000 -31.880000 0.0 0 
1.919862
 1 139 139 p_village_3 Farah 2114575 0 0 3 0 0 0 0 0 281.000000 6.000000 281.000000 6.000000 281.000000 6.000000 0.0 0 
2.094395
 1 140 140 p_village_4 Kayen 2114575 0 0 3 0 0 0 0 0 247.000000 21.000000 247.000000 21.000000 247.000000 21.000000 0.0 0 
2.268928
 1 141 141 p_village_5 Shushtar 2114575 0 0 3 0 0 0 0 0 156.830000 -15.700000 156.830000 -15.700000 156.830000 -15.700000 0.0 0 
2.967060
 1 142 142 p_village_6 Piruz_Shapur 2114575 0 0 3 0 0 0 0 0 90.500000 -13.080000 90.500000 -13.080000 90.500000 -13.080000 0.0 0 
1.745329
 1 143 143 p_village_7 Sarakhs 2114575 0 0 3 0 0 0 0 0 258.000000 62.000000 258.000000 62.000000 258.000000 62.000000 0.0 0 
1.919862
 1 144 144 p_village_8 Gondeshapur 2114575 0 0 3 0 0 0 0 0 164.000000 -51.500000 164.000000 -51.500000 164.000000 -51.500000 0.0 0 
2.094395
 1 145 145 p_village_9 Khor_Abad 2114575 0 0 3 0 0 0 0 0 156.000000 6.500000 156.000000 6.500000 156.000000 6.500000 0.0 0 
2.268928
 1 146 146 p_village_10 Sirgan 2114575 0 0 3 0 0 0 0 0 228.330000 -49.260000 228.330000 -49.260000 228.330000 -49.260000 0.0 0 
2.967060
 1 147 147 p_village_11 Isatis 2114575 0 0 3 0 0 0 0 0 220.540000 -15.240000 220.540000 -15.240000 220.540000 -15.240000 0.0 0 
1.745329
 1 148 148 p_village_12 Uqayl 2114575 0 0 3 0 0 0 0 0 142.900000 -224.000000 142.900000 -224.000000 142.900000 -224.000000 0.0 0 
1.919862
 1 149 149 p_village_13 Sad_Darvazeh 2114575 0 0 3 0 0 0 0 0 197.870000 31.070000 197.870000 31.070000 197.870000 31.070000 0.0 0 
2.094395
 1 150 150 p_village_14 Mamatir 2114575 0 0 3 0 0 0 0 0 170.500000 51.500000 170.500000 51.500000 170.500000 51.500000 0.0 0 
2.268928
 1 151 151 p_village_15 Samawah 2114575 0 0 3 0 0 0 0 0 107.900000 -51.500000 107.900000 -51.500000 107.900000 -51.500000 0.0 0 
2.967060
 1 152 152 p_village_16 Bam 2114575 0 0 3 0 0 0 0 0 258.500000 -49.500000 258.500000 -49.500000 258.500000 -49.500000 0.0 0 
2.967060
 1 153 153 p_village_17 Darabgerd 2114575 0 0 3 0 0 0 0 0 220.000000 -60.000000 220.000000 -60.000000 220.000000 -60.000000 0.0 0 
0.610865
 1 154 154 p_village_18 Salus 2114575 0 0 3 0 0 0 0 0 160.500000 50.000000 160.500000 50.000000 160.500000 50.000000 0.0 0 
2.967060
 1 155 155 p_village_19 Tiflis 2114575 0 0 3 0 0 0 0 0 97.300000 74.200000 97.300000 74.200000 97.300000 74.200000 0.0 0 
2.967060
 1 156 156 p_village_20 Gori 2114575 0 0 3 0 0 0 0 0 91.100000 79.920000 91.100000 79.920000 91.100000 79.920000 0.0 0 
2.967060
 1 157 157 p_village_21 Ardashirkor 2114575 0 0 3 0 0 0 0 0 198.000000 -71.000000 198.000000 -71.000000 198.000000 -71.000000 0.0 0 
1.745329
 1 158 158 p_village_22 Nakhjavan 2114575 0 0 3 0 0 0 0 0 109.000000 51.000000 109.000000 51.000000 109.000000 51.000000 0.0 0 
1.919862
 1 159 159 p_village_23 Mahsan 2114575 0 0 3 0 0 0 0 0 147.880000 -57.690000 147.880000 -57.690000 147.880000 -57.690000 0.0 0 
2.094395
 1 160 160 p_village_24 Senah_Dezh 2114575 0 0 3 0 0 0 0 0 118.200000 11.800000 118.200000 11.800000 118.200000 11.800000 0.0 0 
2.268928
 1 161 161 p_village_25 Artashat 2114575 0 0 3 0 0 0 0 0 90.000000 39.000000 90.000000 39.000000 90.000000 39.000000 0.0 0 
2.967060
 1 162 162 p_village_26 Farava 2114575 0 0 3 0 0 0 0 0 194.000000 104.500000 194.000000 104.500000 194.000000 104.500000 0.0 0 
2.967060
 1 163 163 p_village_27 Amida 2114575 0 0 3 0 0 0 0 0 64.000000 15.000000 64.000000 15.000000 64.000000 15.000000 0.0 0 
2.967060
 1 164 164 p_village_28 Memjan 2114575 0 0 3 0 0 0 0 0 180.860000 9.270000 180.860000 9.270000 180.860000 9.270000 0.0 0 
2.967060
 1 165 165 p_village_29 Larissa 2114575 0 0 3 0 0 0 0 0 -117.600000 1.900000 -117.600000 1.900000 -117.600000 1.900000 0.0 0 
2.967060
 1 166 166 p_village_30 Demetrias 2114575 0 0 3 0 0 0 0 0 -114.060000 -6.880000 -114.060000 -6.880000 -114.060000 -6.880000 0.0 0 
2.967060
 1 167 167 p_village_31 Mystras 2114575 0 0 3 0 0 0 0 0 -122.100000 -39.900000 -122.100000 -39.900000 -122.100000 -39.900000 0.0 0 
1.745329
 1 168 168 p_village_32 Pautalia 2114575 0 0 3 0 0 0 0 0 -135.500000 40.200000 -135.500000 40.200000 -135.500000 40.200000 0.0 0 
1.919862
 1 169 169 p_village_33 Scampa 2114575 0 0 3 0 0 0 0 0 -142.000000 12.500000 -142.000000 12.500000 -142.000000 12.500000 0.0 0 
2.094395
 1 170 170 p_village_34 Mesembria 2114575 0 0 3 0 0 0 0 0 -79.000000 45.000000 -79.000000 45.000000 -79.000000 45.000000 0.0 0 
2.268928
 1 171 171 p_village_35 Arkadiopolis 2114575 0 0 3 0 0 0 0 0 -79.650000 27.130000 -79.650000 27.130000 -79.650000 27.130000 0.0 0 
2.967060
 1 172 172 p_village_36 Heracleia 2114575 0 0 3 0 0 0 0 0 -43.300000 37.100000 -43.300000 37.100000 -43.300000 37.100000 0.0 0 
2.967060
 1 173 173 p_village_37 Nicomedia 2114575 0 0 3 0 0 0 0 0 -52.580000 21.960000 -52.580000 21.960000 -52.580000 21.960000 0.0 0 
2.967060
 1 174 174 p_village_38 Dorylaion 2114575 0 0 3 0 0 0 0 0 -42.000000 15.600000 -42.000000 15.600000 -42.000000 15.600000 0.0 0 
2.967060
 1 175 175 p_village_39 Sardis 2114575 0 0 3 0 0 0 0 0 -65.960000 1.500000 -65.960000 1.500000 -65.960000 1.500000 0.0 0 
2.967060
 1 176 176 p_village_40 Nyssa 2114575 0 0 3 0 0 0 0 0 -10.000000 13.000000 -10.000000 13.000000 -10.000000 13.000000 0.0 0 
2.967060
 1 177 177 p_village_41 Seleucia 2114575 0 0 3 0 0 0 0 0 -10.800000 -25.000000 -10.800000 -25.000000 -10.800000 -25.000000 0.0 0 
1.745329
 1 178 178 p_village_42 Sebasteia 2114575 0 0 3 0 0 0 0 0 10.130000 29.060000 10.130000 29.060000 10.130000 29.060000 0.0 0 
1.919862
 1 179 179 p_village_43 Laodikeia 2114575 0 0 3 0 0 0 0 0 -56.590000 -6.540000 -56.590000 -6.540000 -56.590000 -6.540000 0.0 0 
2.094395
 1 180 180 p_village_44 Cibyrrha 2114575 0 0 3 0 0 0 0 0 -31.000000 -26.000000 -31.000000 -26.000000 -31.000000 -26.000000 0.0 0 
2.268928
 1 181 181 p_village_45 Pelusium 2114575 0 0 3 0 0 0 0 0 -2.200000 -97.600000 -2.200000 -97.600000 -2.200000 -97.600000 0.0 0 
2.967060
 1 182 182 p_village_46 Bayrut 2114575 0 0 3 0 0 0 0 0 14.500000 -43.300000 14.500000 -43.300000 14.500000 -43.300000 0.0 0 
2.967060
 1 183 183 p_village_47 Halab 2114575 0 0 3 0 0 0 0 0 36.000000 -24.200000 36.000000 -24.200000 36.000000 -24.200000 0.0 0 
2.967060
 1 184 184 p_village_48 Thatta 2114575 0 0 3 0 0 0 0 0 -26.150000 -119.020000 -26.150000 -119.020000 -26.150000 -119.020000 0.0 0 
2.967060
 1 185 185 p_village_49 Berenike 2114575 0 0 3 0 0 0 0 0 31.750000 -170.500000 31.750000 -170.500000 31.750000 -170.500000 0.0 0 
0.174533
 1 186 186 p_village_50 Damietta 2114575 0 0 3 0 0 0 0 0 -13.500000 -98.000000 -13.500000 -98.000000 -13.500000 -98.000000 0.0 0 
2.967060
 1 187 187 p_village_51 Tarsos 2114575 0 0 3 0 0 0 0 0 -3.200000 -15.500000 -3.200000 -15.500000 -3.200000 -15.500000 0.0 0 
1.745329
 1 188 188 p_village_52 Koloneia 2114575 0 0 3 0 0 0 0 0 19.920000 40.930000 19.920000 40.930000 19.920000 40.930000 0.0 0 
1.919862
 1 189 189 p_village_53 Amisos 2114575 0 0 3 0 0 0 0 0 -1.390000 49.240000 -1.390000 49.240000 -1.390000 49.240000 0.0 0 
2.094395
 1 190 190 p_village_54 Minya 2114575 0 0 3 0 0 0 0 0 -23.900000 -137.900000 -23.900000 -137.900000 -23.900000 -137.900000 0.0 0 
2.268928
 1 191 191 p_village_55 Zarafshon 2114575 0 0 3 0 0 0 0 0 250.220000 150.410000 250.220000 150.410000 250.220000 150.410000 0.0 0 
2.967060
 1 192 192 p_village_56 Khiva 2114575 0 0 3 0 0 0 0 0 221.000000 132.000000 221.000000 132.000000 221.000000 132.000000 0.0 0 
2.967060
 1 193 193 p_village_57 Hazar 2114575 0 0 3 0 0 0 0 0 170.000000 93.500000 170.000000 93.500000 170.000000 93.500000 0.0 0 
2.967060
 1 194 194 p_village_58 Khujand 2114575 0 0 3 0 0 0 0 0 298.000000 135.300000 298.000000 135.300000 298.000000 135.300000 0.0 0 
2.967060
 1 195 195 p_village_59 Guliston 2114575 0 0 3 0 0 0 0 0 276.800000 145.000000 276.800000 145.000000 276.800000 145.000000 0.0 0 
2.967060
 1 196 196 p_village_60 Nukus 2114575 0 0 3 0 0 0 0 0 202.500000 144.500000 202.500000 144.500000 202.500000 144.500000 0.0 0 
2.967060
 1 197 197 p_village_61 Qunghirot 2114575 0 0 3 0 0 0 0 0 178.490000 138.510000 178.490000 138.510000 178.490000 138.510000 0.0 0 
1.745329
 1 198 198 p_village_62 Munayshi 2114575 0 0 3 0 0 0 0 0 153.400000 135.000000 153.400000 135.000000 153.400000 135.000000 0.0 0 
1.745329
 1 199 199 p_village_63 Andigan 2114575 0 0 3 0 0 0 0 0 334.000000 150.000000 334.000000 150.000000 334.000000 150.000000 0.0 0 
1.745329
 1 200 200 p_village_64 Balasagun 2114575 0 0 3 0 0 0 0 0 324.700000 205.900000 324.700000 205.900000 324.700000 205.900000 0.0 0 
1.745329
 1 201 201 p_village_65 Taraz 2114575 0 0 3 0 0 0 0 0 307.200000 192.600000 307.200000 192.600000 307.200000 192.600000 0.0 0 
1.745329
 1 202 202 p_village_66 Amul 2114575 0 0 3 0 0 0 0 0 226.500000 118.900000 226.500000 118.900000 226.500000 118.900000 0.0 0 
1.745329
 1 203 203 p_village_67 Sabran 2114575 0 0 3 0 0 0 0 0 258.000000 179.500000 258.000000 179.500000 258.000000 179.500000 0.0 0 
1.745329
 1 204 204 p_village_68 Jend 2114575 0 0 3 0 0 0 0 0 212.000000 191.000000 212.000000 191.000000 212.000000 191.000000 0.0 0 
1.745329
 1 205 205 p_village_69 Bekdas 2114575 0 0 3 0 0 0 0 0 153.500000 122.000000 153.500000 122.000000 153.500000 122.000000 0.0 0 
1.745329
 1 206 206 p_village_70 Kabardia 2114575 0 0 3 0 0 0 0 0 53.000000 107.000000 53.000000 107.000000 53.000000 107.000000 0.0 0 
1.745329
 1 207 207 p_village_71 Gamsutl 2114575 0 0 3 0 0 0 0 0 104.600000 95.500000 104.600000 95.500000 104.600000 95.500000 0.0 0 
0.349066
 1 208 208 p_village_72 Sarkel 2114575 0 0 3 0 0 0 0 0 27.800000 164.500000 27.800000 164.500000 27.800000 164.500000 0.0 0 
1.047198
 1 209 209 p_village_73 Beshtau 2114575 0 0 3 0 0 0 0 0 57.700000 95.800000 57.700000 95.800000 57.700000 95.800000 0.0 0 
0.959931
 1 210 210 p_village_74 Majar 2114575 0 0 3 0 0 0 0 0 64.800000 114.000000 64.800000 114.000000 64.800000 114.000000 0.0 0 
0.261799
 1 211 211 p_village_75 Atskuri 2114575 0 0 3 0 0 0 0 0 66.440000 76.500000 66.440000 76.500000 66.440000 76.500000 0.0 0 
0.174533
 1 212 212 p_village_76 Naltshik 2114575 0 0 3 0 0 0 0 0 76.900000 96.270000 76.900000 96.270000 76.900000 96.270000 0.0 0 
0.610865
 1 213 213 p_village_77 Zaur 2114575 0 0 3 0 0 0 0 0 91.080000 95.610000 91.080000 95.610000 91.080000 95.610000 0.0 0 
2.792527
 1 214 214 p_village_78 Tata 2114575 0 0 3 0 0 0 0 0 -153.000000 94.000000 -153.000000 94.000000 -153.000000 94.000000 0.0 0 
3.141593
 1 215 215 p_village_79 Borsod 2114575 0 0 3 0 0 0 0 0 -127.000000 106.030000 -127.000000 106.030000 -127.000000 106.030000 0.0 0 
0.000000
 1 216 216 p_village_80 Sarbogard 2114575 0 0 3 0 0 0 0 0 -153.000000 82.000000 -153.000000 82.000000 -153.000000 82.000000 0.0 0 
0.698132
 1 217 217 p_village_81 Nyir 2114575 0 0 3 0 0 0 0 0 -105.370000 92.430000 -105.370000 92.430000 -105.370000 92.430000 0.0 0 
0.349066
 1 218 218 p_village_82 Vratsa 2114575 0 0 3 0 0 0 0 0 -119.000000 55.000000 -119.000000 55.000000 -119.000000 55.000000 0.0 0 
1.047198
 1 219 219 p_village_83 Mursa 2114575 0 0 3 0 0 0 0 0 -153.000000 64.000000 -153.000000 64.000000 -153.000000 64.000000 0.0 0 
0.959931
 1 220 220 p_village_84 Monor 2114575 0 0 3 0 0 0 0 0 -142.700000 83.900000 -142.700000 83.900000 -142.700000 83.900000 0.0 0 
0.261799
 1 221 221 p_village_85 Eger 2114575 0 0 3 0 0 0 0 0 -119.970000 93.560000 -119.970000 93.560000 -119.970000 93.560000 0.0 0 
0.174533
 1 222 222 p_village_86 Retseg 2114575 0 0 3 0 0 0 0 0 -144.000000 101.700000 -144.000000 101.700000 -144.000000 101.700000 0.0 0 
0.610865
 1 223 223 p_village_87 Azargarta 2114575 0 0 3 0 0 0 0 0 184.000000 -37.000000 184.000000 -37.000000 184.000000 -37.000000 0.0 0 
2.792527
 1 224 224 p_village_88 Varasdinum 2114575 0 0 3 0 0 0 0 0 -168.000000 67.600000 -168.000000 67.600000 -168.000000 67.600000 0.0 0 
3.141593
 1 225 225 p_village_89 Singidunum 2114575 0 0 3 0 0 0 0 0 -139.500000 65.400000 -139.500000 65.400000 -139.500000 65.400000 0.0 0 
0.000000
 1 226 226 p_village_90 Abdul_Qays 2114575 0 0 3 0 0 0 0 0 182.590000 -125.860000 182.590000 -125.860000 182.590000 -125.860000 0.0 0 
0.698132
 1 227 227 p_village_91 Fahud 2114575 0 0 3 0 0 0 0 0 257.700000 -145.000000 257.700000 -145.000000 257.700000 -145.000000 0.0 0 
0.349066
 1 228 228 p_village_92 Al_Khabura 2114575 0 0 3 0 0 0 0 0 265.880000 -114.820000 265.880000 -114.820000 265.880000 -114.820000 0.0 0 
1.047198
 1 229 229 p_village_93 Sumail 2114575 0 0 3 0 0 0 0 0 265.000000 -122.000000 265.000000 -122.000000 265.000000 -122.000000 0.0 0 
0.959931
 1 230 230 p_village_94 Sur 2114575 0 0 3 0 0 0 0 0 288.280000 -129.090000 288.280000 -129.090000 288.280000 -129.090000 0.0 0 
0.261799
 1 231 231 p_village_95 Khath'am 2114575 0 0 3 0 0 0 0 0 138.500000 -247.500000 138.500000 -247.500000 138.500000 -247.500000 0.0 0 
0.174533
 1 232 232 p_village_96 Al_Azd 2114575 0 0 3 0 0 0 0 0 126.900000 -241.500000 126.900000 -241.500000 126.900000 -241.500000 0.0 0 
0.610865
 1 233 233 p_village_97 Bahila 2114575 0 0 3 0 0 0 0 0 128.250000 -162.270000 128.250000 -162.270000 128.250000 -162.270000 0.0 0 
2.792527
 1 234 234 p_village_98 Tayy 2114575 0 0 3 0 0 0 0 0 88.000000 -124.000000 88.000000 -124.000000 88.000000 -124.000000 0.0 0 
3.141593
 1 235 235 p_village_99 Arbela 2114575 0 0 3 0 0 0 0 0 101.900000 23.150000 101.900000 23.150000 101.900000 23.150000 0.0 0 
0.000000
 1 236 236 p_village_100 Nurmayr 2114575 0 0 3 0 0 0 0 0 108.000000 -144.600000 108.000000 -144.600000 108.000000 -144.600000 0.0 0 
0.698132
 1 237 237 p_village_101 Hufeir 2114575 0 0 3 0 0 0 0 0 135.500000 -63.600000 135.500000 -63.600000 135.500000 -63.600000 0.0 0 
0.349066
 1 238 238 p_village_102 Dhabbah 2114575 0 0 3 0 0 0 0 0 142.470000 -156.810000 142.470000 -156.810000 142.470000 -156.810000 0.0 0 
1.047198
 1 239 239 p_village_103 Mahrah 2114575 0 0 3 0 0 0 0 0 234.000000 -198.160000 234.000000 -198.160000 234.000000 -198.160000 0.0 0 
0.959931
 1 240 240 p_village_104 Kawa 2114575 0 0 3 0 0 0 0 0 -17.600000 -236.000000 -17.600000 -236.000000 -17.600000 -236.000000 0.0 0 
0.261799
 1 241 241 p_village_105 Say'un 2114575 0 0 3 0 0 0 0 0 183.030000 -256.490000 183.030000 -256.490000 183.030000 -256.490000 0.0 0 
0.174533
 1 242 242 p_village_106 Kinanah 2114575 0 0 3 0 0 0 0 0 114.500000 -229.000000 114.500000 -229.000000 114.500000 -229.000000 0.0 0 
0.610865
 1 243 243 p_village_107 Khuzaah 2114575 0 0 3 0 0 0 0 0 89.700000 -200.400000 89.700000 -200.400000 89.700000 -200.400000 0.0 0 
2.792527
 1 244 244 p_village_108 Juhaynah 2114575 0 0 3 0 0 0 0 0 63.060000 -166.300000 63.060000 -166.300000 63.060000 -166.300000 0.0 0 
3.141593
 1 245 245 p_village_109 Bali 2114575 0 0 3 0 0 0 0 0 52.190000 -157.100000 52.190000 -157.100000 52.190000 -157.100000 0.0 0 
0.000000
 1 246 246 p_village_111 Amastris 2114575 0 0 3 0 0 0 0 0 -38.000000 42.000000 -38.000000 42.000000 -38.000000 42.000000 0.0 0 
2.967060
 1 247 247 p_village_113 Dakhi 2114575 0 0 3 0 0 0 0 0 202.000000 58.250000 202.000000 58.250000 202.000000 58.250000 0.0 0 
2.967060
 1 248 248 p_village_114 Sabzawar 2114575 0 0 3 0 0 0 0 0 280.000000 25.000000 280.000000 25.000000 280.000000 25.000000 0.0 0 
2.967060
 1 249 249 p_village_112 Tus 2114575 0 0 3 0 0 0 0 0 244.000000 55.500000 244.000000 55.500000 244.000000 55.500000 0.0 0 
2.967060
 1 250 250 p_village_115 Shirwan 2114575 0 0 3 0 0 0 0 0 126.500000 77.500000 126.500000 77.500000 126.500000 77.500000 0.0 0 
2.967060
 1 251 251 p_village_116 Babil 2114575 0 0 3 0 0 0 0 0 94.000000 -25.000000 94.000000 -25.000000 94.000000 -25.000000 0.0 0 
2.967060
 1 252 252 p_village_117 Aden 2114575 0 0 3 0 0 0 0 0 158.500000 -285.500000 158.500000 -285.500000 158.500000 -285.500000 0.0 0 
2.967060
 1 253 253 p_village_118 Judham 2114575 0 0 3 0 0 0 0 0 51.500000 -130.000000 51.500000 -130.000000 51.500000 -130.000000 0.0 0 
2.967060
 1 254 254 p_village_119 Ghatafan 2114575 0 0 3 0 0 0 0 0 81.500000 -157.500000 81.500000 -157.500000 81.500000 -157.500000 0.0 0 
2.967060
 1 255 255 p_village_120 Emesa 2114575 0 0 3 0 0 0 0 0 36.000000 -37.000000 36.000000 -37.000000 36.000000 -37.000000 0.0 0 
2.967060
 1 256 256 p_village_121 Jabiyah 2114575 0 0 3 0 0 0 0 0 39.900000 -60.000000 39.900000 -60.000000 39.900000 -60.000000 0.0 0 
2.967060
 1 257 257 p_village_122 Paraitonion 2114575 0 0 3 0 0 0 0 0 -57.000000 -107.800000 -57.000000 -107.800000 -57.000000 -107.800000 0.0 0 
2.967060
 1 258 258 p_village_123 Heliopolis 2114575 0 0 3 0 0 0 0 0 -16.500000 -124.500000 -16.500000 -124.500000 -16.500000 -124.500000 0.0 0 
2.967060
 1 259 259 p_village_124 Kyzikos 2114575 0 0 3 0 0 0 0 0 -69.300000 14.400000 -69.300000 14.400000 -69.300000 14.400000 0.0 0 
2.268928
 1 260 260 p_village_126 Nasrath 2114575 0 0 3 0 0 0 0 0 19.000000 -69.000000 19.000000 -69.000000 19.000000 -69.000000 0.0 0 
2.268928
 1 261 261 p_village_125 Phasis 2114575 0 0 3 0 0 0 0 0 39.500000 71.500000 39.500000 71.500000 39.500000 71.500000 0.0 0 
2.268928
 1 262 262 p_village_134 Tanais 2114575 0 0 3 0 0 0 0 0 -5.000000 121.000000 -5.000000 121.000000 -5.000000 121.000000 0.0 0 
2.268928
 1 263 263 p_village_127 Odesos 2114575 0 0 3 0 0 0 0 0 -67.000000 103.000000 -67.000000 103.000000 -67.000000 103.000000 0.0 0 
2.268928
 1 264 264 p_village_135 Karcha 2114575 0 0 3 0 0 0 0 0 -21.000000 102.000000 -21.000000 102.000000 -21.000000 102.000000 0.0 0 
2.268928
 1 265 265 p_village_128 Bata 2114575 0 0 3 0 0 0 0 0 2.600000 94.600000 2.600000 94.600000 2.600000 94.600000 0.0 0 
2.268928
 1 266 266 p_village_129 Balanjar 2114575 0 0 3 0 0 0 0 0 91.250000 119.500000 91.250000 119.500000 91.250000 119.500000 0.0 0 
2.268928
 1 267 267 p_village_130 Sotshi 2114575 0 0 3 0 0 0 0 0 12.800000 94.000000 12.800000 94.000000 12.800000 94.000000 0.0 0 
2.268928
 1 268 268 p_village_131 Sambalut 2114575 0 0 3 0 0 0 0 0 81.400000 142.400000 81.400000 142.400000 81.400000 142.400000 0.0 0 
2.268928
 1 269 269 p_village_132 Uman 2114575 0 0 3 0 0 0 0 0 -62.700000 130.250000 -62.700000 130.250000 -62.700000 130.250000 0.0 0 
2.268928
 1 270 270 p_village_133 Donets 2114575 0 0 3 0 0 0 0 0 -22.400000 167.500000 -22.400000 167.500000 -22.400000 167.500000 0.0 0 
2.268928
 1 271 271 p_village_136 Alexandretta 2114575 0 0 3 0 0 0 0 0 10.500000 -20.000000 10.500000 -20.000000 10.500000 -20.000000 0.0 0 
2.268928
 1 272 272 p_village_137 Termez 2114575 0 0 3 0 0 0 0 0 304.500000 88.900000 304.500000 88.900000 304.500000 88.900000 0.0 0 
2.268928
 1 273 273 p_village_138 Baglan 2114575 0 0 3 0 0 0 0 0 314.000000 79.000000 314.000000 79.000000 314.000000 79.000000 0.0 0 
2.268928
 1 274 274 p_village_139 Dizak 2114575 0 0 3 0 0 0 0 0 276.700000 133.300000 276.700000 133.300000 276.700000 133.300000 0.0 0 
2.268928
 1 275 275 p_village_140 Nakhshab 2114575 0 0 3 0 0 0 0 0 263.200000 116.000000 263.200000 116.000000 263.200000 116.000000 0.0 0 
2.268928
 1 276 276 p_village_141 Tiberias 2114575 0 0 3 0 0 0 0 0 23.200000 -62.500000 23.200000 -62.500000 23.200000 -62.500000 0.0 0 
2.268928
 1 277 277 p_village_142 Khmim 2114575 0 0 3 0 0 0 0 0 -8.000000 -148.800000 -8.000000 -148.800000 -8.000000 -148.800000 0.0 0 
2.268928
 1 278 278 p_village_143 Manzikert 2114575 0 0 3 0 0 0 0 0 75.300000 45.000000 75.300000 45.000000 75.300000 45.000000 0.0 0 
2.268928
 1 279 279 p_village_144 Kars 2114575 0 0 3 0 0 0 0 0 66.500000 63.300000 66.500000 63.300000 66.500000 63.300000 0.0 0 
2.268928
 1 280 280 p_village_145 Maab 2114575 0 0 3 0 0 0 0 0 37.700000 -98.200000 37.700000 -98.200000 37.700000 -98.200000 0.0 0 
2.268928
 1 281 281 p_village_146 Nicopolis 2114575 0 0 3 0 0 0 0 0 -138.400000 -10.300000 -138.400000 -10.300000 -138.400000 -10.300000 0.0 0 
2.268928
 1 282 282 p_village_147 Lentia 2114575 0 0 3 0 0 0 0 0 -195.000000 110.000000 -195.000000 110.000000 -195.000000 110.000000 0.0 0 
2.268928
 1 283 283 p_village_148 Shiraz 2114575 0 0 3 0 0 0 0 0 187.500000 -59.000000 187.500000 -59.000000 187.500000 -59.000000 0.0 0 
2.268928
 1 284 284 p_village_149 Zedad 2114575 0 0 3 0 0 0 0 0 47.250000 -43.300000 47.250000 -43.300000 47.250000 -43.300000 0.0 0 
2.268928
 1 285 285 p_village_150 Firaz 2114575 0 0 3 0 0 0 0 0 73.700000 -29.000000 73.700000 -29.000000 73.700000 -29.000000 0.0 0 
2.268928
 1 286 286 p_village_151 Pehal 2114575 0 0 3 0 0 0 0 0 28.000000 -71.000000 28.000000 -71.000000 28.000000 -71.000000 0.0 0 
2.268928
 1 287 287 p_village_152 Nisibis 2114575 0 0 3 0 0 0 0 0 71.600000 0.700000 71.600000 0.700000 71.600000 0.700000 0.0 0 
2.268928
 1 288 288 p_village_153 Savaria 2114575 0 0 3 0 0 0 0 0 -167.700000 87.500000 -167.700000 87.500000 -167.700000 87.500000 0.0 0 
2.268928
 1 289 289 p_village_154 Kesh 2114575 0 0 3 0 0 0 0 0 277.500000 113.000000 277.500000 113.000000 277.500000 113.000000 0.0 0 
2.268928
 1 290 290 p_village_155 Muza 2114575 0 0 3 0 0 0 0 0 127.500000 -259.700000 127.500000 -259.700000 127.500000 -259.700000 0.0 0 
2.268928
 1 291 291 p_village_156 Malao 2114575 0 0 3 0 0 0 0 0 121.700000 -289.700000 121.700000 -289.700000 121.700000 -289.700000 0.0 0 
2.268928
 1 292 292 p_village_157 Zula 2114575 0 0 3 0 0 0 0 0 86.600000 -259.500000 86.600000 -259.500000 86.600000 -259.500000 0.0 0 
2.268928
 1 293 293 p_village_158 Sembel 2114575 0 0 3 0 0 0 0 0 58.900000 -255.600000 58.900000 -255.600000 58.900000 -255.600000 0.0 0 
2.268928
 1 294 294 p_village_158 Matara 2114575 0 0 3 0 0 0 0 0 81.400000 -268.900000 81.400000 -268.900000 81.400000 -268.900000 0.0 0 
2.268928
 1 295 295 p_village_159 Qohaito 2114575 0 0 3 0 0 0 0 0 75.800000 -248.900000 75.800000 -248.900000 75.800000 -248.900000 0.0 0 
2.268928
 1 296 296 p_village_160 Nakfa 2114575 0 0 3 0 0 0 0 0 72.300000 -242.000000 72.300000 -242.000000 72.300000 -242.000000 0.0 0 
2.268928
 1 297 297 p_village_161 Wukro 2114575 0 0 3 0 0 0 0 0 80.600000 -288.500000 80.600000 -288.500000 80.600000 -288.500000 0.0 0 
2.268928
 1 298 298 p_village_162 Marib 2114575 0 0 3 0 0 0 0 0 166.600000 -246.000000 166.600000 -246.000000 166.600000 -246.000000 0.0 0 
2.268928
 1 299 299 p_village_163 Rawwafa 2114575 0 0 3 0 0 0 0 0 36.250000 -141.800000 36.250000 -141.800000 36.250000 -141.800000 0.0 0 
2.268928
 1 300 300 p_village_164 Syene 2114575 0 0 3 0 0 0 0 0 -3.500000 -177.800000 -3.500000 -177.800000 -3.500000 -177.800000 0.0 0 
2.268928
 1 301 301 p_village_165 Sesibi 2114575 0 0 3 0 0 0 0 0 -26.500000 -231.800000 -26.500000 -231.800000 -26.500000 -231.800000 0.0 0 
2.268928
 1 302 302 p_village_166 Atbara 2114575 0 0 3 0 0 0 0 0 17.250000 -244.700000 17.250000 -244.700000 17.250000 -244.700000 0.0 0 
2.268928
 1 303 303 p_village_167 Napa 2114575 0 0 3 0 0 0 0 0 -5.800000 -241.000000 -5.800000 -241.000000 -5.800000 -241.000000 0.0 0 
2.268928
 1 304 304 p_village_168 Naqa 2114575 0 0 3 0 0 0 0 0 16.000000 -270.000000 16.000000 -270.000000 16.000000 -270.000000 0.0 0 
2.268928
 1 305 305 p_village_169 Zangan 2114575 0 0 3 0 0 0 0 0 147.700000 34.150000 147.700000 34.150000 147.700000 34.150000 0.0 0 
2.268928
 1 306 306 p_village_170 Aniba 2114575 0 0 3 0 0 0 0 0 -8.400000 -190.600000 -8.400000 -190.600000 -8.400000 -190.600000 0.0 0 
2.268928
 1 307 307 p_village_171 Oasis_Magna 2114575 0 0 3 0 0 0 0 0 -27.300000 -171.100000 -27.300000 -171.100000 -27.300000 -171.100000 0.0 0 
2.268928
 1 308 308 p_village_172 Serdika 2114575 0 0 3 0 0 0 0 0 -125.300000 42.600000 -125.300000 42.600000 -125.300000 42.600000 0.0 0 
2.268928
 1 309 309 p_village_173 Amphipolis 2114575 0 0 3 0 0 0 0 0 -105.400000 17.750000 -105.400000 17.750000 -105.400000 17.750000 0.0 0 
2.268928
 1 310 310 p_village_174 Abar_Kuh 2114575 0 0 3 0 0 0 0 0 198.900000 -32.000000 198.900000 -32.000000 198.900000 -32.000000 0.0 0 
2.268928
 1 311 311 p_village_176 Gerasa 2114575 0 0 3 0 0 0 0 0 39.750000 -76.500000 39.750000 -76.500000 39.750000 -76.500000 0.0 0 
2.268928
 1 312 312 p_village_175 Korinthos 2114575 0 0 3 0 0 0 0 0 -118.000000 -23.300000 -118.000000 -23.300000 -118.000000 -23.300000 0.0 0 
2.268928
 1 313 313 p_village_110 Udhra 2114575 0 0 3 0 0 0 0 0 57.000000 -147.400000 57.000000 -147.400000 57.000000 -147.400000 0.0 0 
0.698132
 1 314 314 p_salt_mine Salt_Mine 2114575 0 0 3 0 0 0 0 0 21.000000 19.000000 21.000000 19.000000 21.000000 19.000000 0.0 0 
0.000000
 1 315 315 p_four_ways_inn Four_Ways_Inn 2114831 0 0 3 0 0 0 0 0 330.000000 1.000000 330.000000 1.000000 330.000000 1.000000 0.0 0 
0.000000
 1 316 316 p_test_scene test_scene 2114831 0 0 3 0 0 0 0 0 10.800000 -19.600000 10.800000 -19.600000 10.800000 -19.600000 0.0 0 
0.000000
 1 317 317 p_battlefields battlefields 2114831 0 0 3 0 0 0 0 0 10.800000 -16.600000 10.800000 -16.600000 10.800000 -16.600000 0.0 0 
0.000000
 1 318 318 p_training_ground Training_Ground 2114845 0 0 3 0 0 0 0 0 3.000000 -7.000000 3.000000 -7.000000 3.000000 -7.000000 0.0 0 
0.000000
 1 319 319 p_training_ground_1 Slaver_Camp 2114653 0 0 3 0 0 0 0 0 182.500000 -61.500000 182.500000 -61.500000 182.500000 -61.500000 0.0 0 
1.745329
 1 320 320 p_training_ground_2 Slaver_Camp 2114653 0 0 3 0 0 0 0 0 228.000000 61.000000 228.000000 61.000000 228.000000 61.000000 0.0 0 
1.745329
 1 321 321 p_training_ground_3 Slaver_Camp 2114653 0 0 3 0 0 0 0 0 70.500000 72.000000 70.500000 72.000000 70.500000 72.000000 0.0 0 
1.745329
 1 322 322 p_training_ground_4 Slaver_Camp 2114653 0 0 3 0 0 0 0 0 4.500000 -115.000000 4.500000 -115.000000 4.500000 -115.000000 0.0 0 
1.745329
 1 323 323 p_training_ground_5 Slaver_Camp 2114653 0 0 3 0 0 0 0 0 -161.660000 35.000000 -161.660000 35.000000 -161.660000 35.000000 0.0 0 
1.745329
 1 324 324 p_bridge_1 {!}1 541798 0 0 3 0 0 0 0 0 209.000000 80.000000 209.000000 80.000000 209.000000 80.000000 0.0 0 
0.314159
 1 325 325 p_bridge_2 {!}2 541798 0 0 3 0 0 0 0 0 46.290000 75.130000 46.290000 75.130000 46.290000 75.130000 0.0 0 
0.074700
 1 326 326 p_bridge_3 {!}3 541798 0 0 3 0 0 0 0 0 60.720000 109.770000 60.720000 109.770000 60.720000 109.770000 0.0 0 
0.977384
 1 327 327 p_bridge_4 {!}4 541798 0 0 3 0 0 0 0 0 112.740000 67.300000 112.740000 67.300000 112.740000 67.300000 0.0 0 
0.139626
 1 328 328 p_bridge_5 {!}5 541798 0 0 3 0 0 0 0 0 31.840000 113.080000 31.840000 113.080000 31.840000 113.080000 0.0 0 
5.061455
 1 329 329 p_bridge_6 {!}6 541798 0 0 3 0 0 0 0 0 -12.580000 38.710000 -12.580000 38.710000 -12.580000 38.710000 0.0 0 
1.326450
 1 330 330 p_bridge_7 {!}7 541798 0 0 3 0 0 0 0 0 -72.710000 82.070000 -72.710000 82.070000 -72.710000 82.070000 0.0 0 
6.073746
 1 331 331 p_bridge_8 {!}8 541798 0 0 3 0 0 0 0 0 -45.530000 11.640000 -45.530000 11.640000 -45.530000 11.640000 0.0 0 
4.677482
 1 332 332 p_bridge_9 {!}9 541798 0 0 3 0 0 0 0 0 1.400000 13.000000 1.400000 13.000000 1.400000 13.000000 0.0 0 
0.872665
 1 333 333 p_bridge_10 {!}10 541798 0 0 3 0 0 0 0 0 -87.910000 25.010000 -87.910000 25.010000 -87.910000 25.010000 0.0 0 
1.029744
 1 334 334 p_bridge_11 {!}11 541798 0 0 3 0 0 0 0 0 -156.730000 67.820000 -156.730000 67.820000 -156.730000 67.820000 0.0 0 
0.017453
 1 335 335 p_bridge_12 {!}12 541798 0 0 3 0 0 0 0 0 -116.910000 64.220000 -116.910000 64.220000 -116.910000 64.220000 0.0 0 
0.034907
 1 336 336 p_bridge_25 {!}25 541798 0 0 3 0 0 0 0 0 -9.280000 -101.180000 -9.280000 -101.180000 -9.280000 -101.180000 0.0 0 
4.555309
 1 337 337 p_bridge_24 {!}24 541798 0 0 3 0 0 0 0 0 130.940000 -53.580000 130.940000 -53.580000 130.940000 -53.580000 0.0 0 
6.178465
 1 338 338 p_bridge_23 {!}23 541798 0 0 3 0 0 0 0 0 94.010000 -11.480000 94.010000 -11.480000 94.010000 -11.480000 0.0 0 
5.235988
 1 339 339 p_bridge_22 {!}22 541798 0 0 3 0 0 0 0 0 72.260000 19.180000 72.260000 19.180000 72.260000 19.180000 0.0 0 
5.235988
 1 340 340 p_bridge_21 {!}21 541798 0 0 3 0 0 0 0 0 -52.520000 107.300000 -52.520000 107.300000 -52.520000 107.300000 0.0 0 
0.977384
 1 341 341 p_bridge_20 {!}20 541798 0 0 3 0 0 0 0 0 263.360000 59.550000 263.360000 59.550000 263.360000 59.550000 0.0 0 
5.340707
 1 342 342 p_bridge_19 {!}19 541798 0 0 3 0 0 0 0 0 322.190000 146.710000 322.190000 146.710000 322.190000 146.710000 0.0 0 
3.752458
 1 343 343 p_bridge_18 {!}18 541798 0 0 3 0 0 0 0 0 321.960000 99.020000 321.960000 99.020000 321.960000 99.020000 0.0 0 
4.590216
 1 344 344 p_bridge_17 {!}17 541798 0 0 3 0 0 0 0 0 274.220000 95.320000 274.220000 95.320000 274.220000 95.320000 0.0 0 
5.445427
 1 345 345 p_bridge_17b {!}17b 541798 0 0 3 0 0 0 0 0 272.400000 131.900000 272.400000 131.900000 272.400000 131.900000 0.0 0 
5.445427
 1 346 346 p_bridge_16 {!}16 541798 0 0 3 0 0 0 0 0 -146.210000 89.370000 -146.210000 89.370000 -146.210000 89.370000 0.0 0 
1.413717
 1 347 347 p_bridge_15 {!}15 541798 0 0 3 0 0 0 0 0 -143.730000 75.610000 -143.730000 75.610000 -143.730000 75.610000 0.0 0 
1.413717
 1 348 348 p_bridge_13 {!}13 541798 0 0 3 0 0 0 0 0 6.620000 -9.450000 6.620000 -9.450000 6.620000 -9.450000 0.0 0 
4.799655
 1 349 349 p_bridge_26 {!}26 541798 0 0 3 0 0 0 0 0 -0.290000 -11.810000 -0.290000 -11.810000 -0.290000 -11.810000 0.0 0 
1.605703
 1 350 350 p_bridge_27 {!}27 541798 0 0 3 0 0 0 0 0 36.540000 -15.710000 36.540000 -15.710000 36.540000 -15.710000 0.0 0 
4.974188
 1 351 351 p_bridge_28 {!}28 541798 0 0 3 0 0 0 0 0 144.740000 -45.280000 144.740000 -45.280000 144.740000 -45.280000 0.0 0 
4.852015
 1 352 352 p_bridge_29 {!}29 541798 0 0 3 0 0 0 0 0 150.000000 -30.650000 150.000000 -30.650000 150.000000 -30.650000 0.0 0 
5.288348
 1 353 353 p_bridge_30 {!}30 541798 0 0 3 0 0 0 0 0 171.400000 -51.000000 171.400000 -51.000000 171.400000 -51.000000 0.0 0 
5.201081
 1 354 354 p_bridge_31 {!}31 541798 0 0 3 0 0 0 0 0 215.680000 -57.000000 215.680000 -57.000000 215.680000 -57.000000 0.0 0 
4.485496
 1 355 355 p_bridge_32 {!}32 541798 0 0 3 0 0 0 0 0 300.870000 25.820000 300.870000 25.820000 300.870000 25.820000 0.0 0 
0.820305
 1 356 356 p_bridge_33 {!}33 541798 0 0 3 0 0 0 0 0 -16.970000 -101.860000 -16.970000 -101.860000 -16.970000 -101.860000 0.0 0 
4.712389
 1 357 357 p_bridge_34 {!}34 541798 0 0 3 0 0 0 0 0 -25.990000 -111.370000 -25.990000 -111.370000 -25.990000 -111.370000 0.0 0 
5.288348
 1 358 358 p_bridge_35 {!}35 541798 0 0 3 0 0 0 0 0 -19.500000 -126.500000 -19.500000 -126.500000 -19.500000 -126.500000 0.0 0 
4.590216
 1 359 359 p_bridge_36 {!}36 541798 0 0 3 0 0 0 0 0 -7.040000 -179.210000 -7.040000 -179.210000 -7.040000 -179.210000 0.0 0 
5.026548
 1 360 360 p_bridge_37 {!}37 541798 0 0 3 0 0 0 0 0 -68.500000 100.000000 -68.500000 100.000000 -68.500000 100.000000 0.0 0 
6.073746
 1 361 361 p_bridge_38 {!}38 541798 0 0 3 0 0 0 0 0 1.240000 125.500000 1.240000 125.500000 1.240000 125.500000 0.0 0 
3.752458
 1 362 362 p_bridge_39 {!}39 541798 0 0 3 0 0 0 0 0 92.600000 -31.800000 92.600000 -31.800000 92.600000 -31.800000 0.0 0 
6.178465
 1 363 363 p_bridge_40 {!}40 541798 0 0 3 0 0 0 0 0 228.850000 123.910000 228.850000 123.910000 228.850000 123.910000 0.0 0 
5.148721
 1 364 364 p_bridge_41 {!}31 541798 0 0 3 0 0 0 0 0 -7.870000 107.400000 -7.870000 107.400000 -7.870000 107.400000 0.0 0 
2.548181
 1 365 365 p_bridge_42 {!}42 541798 0 0 3 0 0 0 0 0 14.200000 -21.650000 14.200000 -21.650000 14.200000 -21.650000 0.0 0 
0.872665
 1 366 366 p_bridge_43 {!}43 541798 0 0 3 0 0 0 0 0 279.700000 145.750000 279.700000 145.750000 279.700000 145.750000 0.0 0 
5.148721
 1 367 367 p_bridge_44 {!}44 541798 0 0 3 0 0 0 0 0 284.500000 153.000000 284.500000 153.000000 284.500000 153.000000 0.0 0 
0.872665
 1 368 368 p_bridge_45 {!}45 541798 0 0 3 0 0 0 0 0 101.600000 58.800000 101.600000 58.800000 101.600000 58.800000 0.0 0 
1.029744
 1 369 369 p_bridge_50 {!}50 541798 0 0 3 0 0 0 0 0 -159.200000 98.700000 -159.200000 98.700000 -159.200000 98.700000 0.0 0 
1.413717
 1 370 370 p_bridge_51 {!}51 541798 0 0 3 0 0 0 0 0 126.700000 43.000000 126.700000 43.000000 126.700000 43.000000 0.0 0 
0.139626
 1 371 371 p_bridge_54 {!}54 541798 0 0 3 0 0 0 0 0 4.450000 49.200000 4.450000 49.200000 4.450000 49.200000 0.0 0 
1.326450
 1 372 372 p_bridge_52 {!}34 541798 0 0 3 0 0 0 0 0 -18.210000 -244.100000 -18.210000 -244.100000 -18.210000 -244.100000 0.0 0 
5.288348
 1 373 373 p_ford_2 {!}42 541793 0 0 3 0 0 0 0 0 -84.700000 100.300000 -84.700000 100.300000 -84.700000 100.300000 0.0 0 
3.577925
 1 374 374 p_ford_3 {!}43 541793 0 0 3 0 0 0 0 0 84.300000 168.000000 84.300000 168.000000 84.300000 168.000000 0.0 0 
3.577925
 1 375 375 p_ford_4 {!}44 541793 0 0 3 0 0 0 0 0 100.900000 186.700000 100.900000 186.700000 100.900000 186.700000 0.0 0 
3.577925
 1 376 376 p_ford_6 {!}39 541793 0 0 3 0 0 0 0 0 194.000000 141.800000 194.000000 141.800000 194.000000 141.800000 0.0 0 
3.665191
 1 377 377 p_ford_7 {!}39 541793 0 0 3 0 0 0 0 0 248.280000 182.600000 248.280000 182.600000 248.280000 182.600000 0.0 0 
3.665191
 1 378 378 p_ford_8 {!}39 541793 0 0 3 0 0 0 0 0 194.500000 183.500000 194.500000 183.500000 194.500000 183.500000 0.0 0 
5.061455
 1 379 379 p_pyramid_1 {!}46 541792 0 0 3 0 0 0 0 0 -25.500000 -127.000000 -25.500000 -127.000000 -25.500000 -127.000000 0.0 0 
-0.308923
 1 380 380 p_pyramid_2 {!}47 541792 0 0 3 0 0 0 0 0 -27.000000 -126.000000 -27.000000 -126.000000 -27.000000 -126.000000 0.0 0 
-0.308923
 1 381 381 p_pyramid_3 {!}48 541792 0 0 3 0 0 0 0 0 -27.300000 -127.000000 -27.300000 -127.000000 -27.300000 -127.000000 0.0 0 
-0.308923
 1 382 382 p_ford_9 {!}49 541793 0 0 3 0 0 0 0 0 85.000000 125.500000 85.000000 125.500000 85.000000 125.500000 0.0 0 
2.617994
 1 383 383 p_ford_10 {!}50 541793 0 0 3 0 0 0 0 0 130.500000 189.500000 130.500000 189.500000 130.500000 189.500000 0.0 0 
5.148721
 1 384 384 p_ford_11 {!}51 541793 0 0 3 0 0 0 0 0 -5.600000 163.300000 -5.600000 163.300000 -5.600000 163.300000 0.0 0 
4.363323
 1 385 385 p_ford_12 {!}52 541793 0 0 3 0 0 0 0 0 27.700000 168.000000 27.700000 168.000000 27.700000 168.000000 0.0 0 
5.410521
 1 386 386 p_pier_1 {!}52 541800 0 0 3 0 0 0 0 0 126.000000 -261.400000 126.000000 -261.400000 126.000000 -261.400000 0.0 0 
5.410521
 1 387 387 p_pier_2 {!}52 541800 0 0 3 0 0 0 0 0 87.600000 -252.900000 87.600000 -252.900000 87.600000 -252.900000 0.0 0 
2.268928
 1 388 388 p_pier_3 {!}52 541800 0 0 3 0 0 0 0 0 114.280000 -279.300000 114.280000 -279.300000 114.280000 -279.300000 0.0 0 
2.268928
 1 389 389 p_pier_4 {!}52 541800 0 0 3 0 0 0 0 0 281.000000 -111.900000 281.000000 -111.900000 281.000000 -111.900000 0.0 0 
5.410521
 1 390 390 p_pier_5 {!}52 541800 0 0 3 0 0 0 0 0 269.000000 -89.400000 269.000000 -89.400000 269.000000 -89.400000 0.0 0 
3.141593
 1 391 391 p_bridge_53 {!}53 541798 0 0 3 0 0 0 0 0 8.950000 -269.400000 8.950000 -269.400000 8.950000 -269.400000 0.0 0 
4.555309
 1 392 392 p_bridge_14 {!}14 541798 0 0 3 0 0 0 0 0 -63.380000 30.010000 -63.380000 30.010000 -63.380000 30.010000 0.0 0 
1.162389
 1 393 393 p_looter_spawn_point {!}looter_sp 1280 0 0 2 0 0 0 0 0 30.000000 22.000000 30.000000 22.000000 30.000000 22.000000 0.0 1 326 15 0 0 
0.000000
 1 394 394 p_steppe_bandit_spawn_point Egypt 1280 0 0 2 0 0 0 0 0 -3.000000 -147.000000 -3.000000 -147.000000 -3.000000 -147.000000 0.0 1 326 25 0 56 
0.000000
 1 395 395 p_taiga_bandit_spawn_point Cappadocia 1280 0 0 2 0 0 0 0 0 9.500000 12.500000 9.500000 12.500000 9.500000 12.500000 0.0 1 326 15 0 0 
0.000000
 1 396 396 p_forest_bandit_spawn_point Armenia 1280 0 0 2 0 0 0 0 0 106.000000 46.000000 106.000000 46.000000 106.000000 46.000000 0.0 1 326 15 0 0 
0.000000
 1 397 397 p_mountain_bandit_spawn_point the_mountains 1280 0 0 2 0 0 0 0 0 207.000000 -30.000000 207.000000 -30.000000 207.000000 -30.000000 0.0 1 326 15 0 0 
0.000000
 1 398 398 p_sea_raider_spawn_point_1 Thrace 1280 0 0 2 0 0 0 0 0 -89.000000 56.000000 -89.000000 56.000000 -89.000000 56.000000 0.0 1 326 15 0 0 
0.000000
 1 399 399 p_sea_raider_spawn_point_2 Macedonia 1280 0 0 2 0 0 0 0 0 -140.000000 43.000000 -140.000000 43.000000 -140.000000 43.000000 0.0 1 326 15 0 0 
0.000000
 1 400 400 p_beduin_spawn_point the_Arabian_Desert 1280 0 0 2 0 0 0 0 0 147.500000 -172.000000 147.500000 -172.000000 147.500000 -172.000000 0.0 1 326 15 0 0 
0.000000
 1 401 401 p_tuareg_spawn_point the_Western_Desert 1280 0 0 2 0 0 0 0 0 -23.600000 -171.600000 -23.600000 -171.600000 -23.600000 -171.600000 0.0 1 326 15 0 0 
0.000000
 1 402 402 p_robber_spawn_point the_Arabian_Peninsula 1280 0 0 2 0 0 0 0 0 150.000000 -256.000000 150.000000 -256.000000 150.000000 -256.000000 0.0 1 326 15 0 0 
0.000000
 1 403 403 p_karluk_spawn_point Tokharistan 1280 0 0 2 0 0 0 0 0 308.000000 74.000000 308.000000 74.000000 308.000000 74.000000 0.0 1 326 15 0 0 
0.000000
 1 404 404 p_khazar_spawn_point Khazaria 1280 0 0 2 0 0 0 0 0 38.000000 133.000000 38.000000 133.000000 38.000000 133.000000 0.0 1 326 15 0 0 
0.000000
 1 405 405 p_mesopotamia_spawn_point Mesopotamia 1280 0 0 2 0 0 0 0 0 83.000000 -20.000000 83.000000 -20.000000 83.000000 -20.000000 0.0 1 326 15 0 0 
0.000000
 1 406 406 p_crimea_spawn_point Taurica 1280 0 0 2 0 0 0 0 0 -40.000000 114.000000 -40.000000 114.000000 -40.000000 114.000000 0.0 1 326 15 0 0 
0.000000
 1 407 407 p_aral_spawn_point the_Oxus_river 1280 0 0 2 0 0 0 0 0 210.000000 150.000000 210.000000 150.000000 210.000000 150.000000 0.0 1 326 15 0 0 
0.000000
 1 408 408 p_daylam_spawn_point Tapuristan 1280 0 0 2 0 0 0 0 0 165.000000 45.000000 165.000000 45.000000 165.000000 45.000000 0.0 1 326 15 0 0 
0.000000
 1 409 409 p_oxos_spawn_point the_Pamir_mountains 1280 0 0 2 0 0 0 0 0 301.000000 181.000000 301.000000 181.000000 301.000000 181.000000 0.0 1 326 15 0 0 
0.000000
 1 410 410 p_galatia_spawn_point Galatia 1280 0 0 2 0 0 0 0 0 -50.000000 -5.000000 -50.000000 -5.000000 -50.000000 -5.000000 0.0 1 326 15 0 0 
0.000000
 1 411 411 p_mecca_spawn_point the_Hijaz_mountains 1280 0 0 2 0 0 0 0 0 82.000000 -180.000000 82.000000 -180.000000 82.000000 -180.000000 0.0 1 326 15 0 0 
0.000000
 1 412 412 p_avar_spawn_point Pannonia 1280 0 0 2 0 0 0 0 0 -140.000000 79.000000 -140.000000 79.000000 -140.000000 79.000000 0.0 1 326 15 0 0 
0.000000
 1 413 413 p_alan_spawn_point Alania 1280 0 0 2 0 0 0 0 0 44.000000 107.000000 44.000000 107.000000 44.000000 107.000000 0.0 1 326 15 0 0 
0.000000
 1 414 414 p_persia_spawn_point Assyria 1280 0 0 2 0 0 0 0 0 140.000000 -2.000000 140.000000 -2.000000 140.000000 -2.000000 0.0 1 326 15 0 0 
0.000000
 1 415 415 p_persia2_spawn_point the_Abarshar_province 1280 0 0 2 0 0 0 0 0 240.000000 23.000000 240.000000 23.000000 240.000000 23.000000 0.0 1 326 15 0 0 
0.000000
 1 416 416 p_muscat_spawn_point the_Hajar_mountains 1280 0 0 2 0 0 0 0 0 270.000000 -125.000000 270.000000 -125.000000 270.000000 -125.000000 0.0 1 326 15 0 0 
0.000000
 1 417 417 p_makran_spawn_point Sakestan 1280 0 0 2 0 0 0 0 0 277.000000 -47.000000 277.000000 -47.000000 277.000000 -47.000000 0.0 1 326 15 0 0 
0.000000
 1 418 418 p_orontes_spawn_point Syria 1280 0 0 2 0 0 0 0 0 35.000000 -38.000000 35.000000 -38.000000 35.000000 -38.000000 0.0 1 326 15 0 0 
0.000000
 1 419 419 p_axum_spawn_point Aksum 1280 0 0 2 0 0 0 0 0 66.000000 -275.000000 66.000000 -275.000000 66.000000 -275.000000 0.0 1 326 15 0 0 
0.000000
 1 420 420 p_oman_spawn_point Oman 1280 0 0 2 0 0 0 0 0 258.000000 -133.300000 258.000000 -133.300000 258.000000 -133.300000 0.0 1 326 15 0 0 
0.000000
 1 421 421 p_armenian_bandit_spawn_point the_mountains_of_Armenia 1280 0 0 2 0 0 0 0 0 85.000000 24.000000 85.000000 24.000000 85.000000 24.000000 0.0 1 326 15 0 0 
0.000000
 1 422 422 p_jewish_bandit_spawn_point Judea 1280 0 0 2 0 0 0 0 0 20.000000 -63.000000 20.000000 -63.000000 20.000000 -63.000000 0.0 1 326 15 0 0 
0.000000
 1 423 423 p_najd_spawn_point Najd 1280 0 0 2 0 0 0 0 0 120.000000 -125.000000 120.000000 -125.000000 120.000000 -125.000000 0.0 1 326 15 0 0 
0.000000
 1 424 424 p_nubia_spawn_point Nubia 1280 0 0 2 0 0 0 0 0 -12.000000 -240.000000 -12.000000 -240.000000 -12.000000 -240.000000 0.0 1 326 15 0 0 
0.000000
 1 425 425 p_alodia_spawn_point Alodia 1280 0 0 2 0 0 0 0 0 37.000000 -250.000000 37.000000 -250.000000 37.000000 -250.000000 0.0 1 326 15 0 0 
0.000000
 1 426 426 p_desert_bandit_spawn_point the_Levant 1280 0 0 2 0 0 0 0 0 20.000000 -81.000000 20.000000 -81.000000 20.000000 -81.000000 0.0 1 326 15 0 0 
0.000000
 1 427 427 p_spawn_points_end {!}last_spawn_point 1280 0 0 1 0 0 0 0 0 0.000000 0.000000 0.000000 0.000000 0.000000 0.000000 0.0 1 326 15 0 0 
0.000000
 1 428 428 p_debal_coast the_coast_of_Debal 1280 0 0 2 0 0 0 0 0 358.900000 -71.100000 358.900000 -71.100000 358.900000 -71.100000 0.0 1 326 15 0 0 
0.000000
 1 429 429 p_pirate_point the_Erythraean_Sea 1280 0 0 2 0 0 0 0 0 308.800000 -160.000000 308.800000 -160.000000 308.800000 -160.000000 0.0 1 326 15 0 0 
0.000000
 1 430 430 p_persis_spawn_point Persia 1280 0 0 2 0 0 0 0 0 196.000000 -39.000000 196.000000 -39.000000 196.000000 -39.000000 0.0 1 326 15 0 0 
0.000000
 1 431 431 p_muscat_coast the_coast_of_Muscat 1280 0 0 2 0 0 0 0 0 281.870000 -111.650000 281.870000 -111.650000 281.870000 -111.650000 0.0 1 326 15 0 0 
0.000000
 1 432 432 p_reserved_5 {!}last_spawn_point 1280 0 0 1 0 0 0 0 0 0.000000 0.000000 0.000000 0.000000 0.000000 0.000000 0.0 1 326 15 0 0 
0.000000
