0
0
0
0
0
0
0
0
0
0
0
0
0
0
0
0
0
0
0
0
0
0
0
0
0
0
0
0
0
0
0
0
0
0
0
0
0
0
0
7
1
5
3
2
1
1
1
5
5
5
5
6
4
22
2920
30
608
141
44
65
111
6
1
15
33
12
9
1
2
1
2
1
1
7
236
34
40
5
6
9
56
1
1
2
19
74
11
12
73
15
65
144
5
4
3
4
1
1
33
14
15
26
6
1
1
8
1
12
4
1
4
3
9
4
12
2
5
5
1
3
2
3
3
3
1
1
10
1
2
4
19
3
7
51
1
42
1
17
5
6
1
20
7
4
2
4
1
234
2
2
16
17
10
10
10
5
5
1
25
2
1
10
3
17
1
5
4
4
4
9
3
8
2
2
10
16
6
302
1
0
1
3
1
1
1
1
4
1
5
4
4
4
4
4
34
1
1
3
5
2
2
1
5
1
3
3
3
3
31
16
3
1
1
1
2
2
2
8
2
2
1
1
1
46
2
5
2
1
2
78
425
1
0
0
5
46
25
0
15
5
7
5
3
17
6
2
18
50
3
1
25
6
11
9
3
83
38
6
10
10
26
4
1
3
2
1
54
1
8
1
2
1
2
3
2
1
2
5
6
6
634
11
26
2
13
2
2
3
1
11
3
1
11
1
1
4
5
4
2
2
1
2
1
6
1
1
2
9
4
1
2
8
11
6
5
2
1
10
2
4
4
1
4
3
2
18
4
4
4
4
4
1
8
3
6
1
1
1
5
4
975
1
1
11
1
1
2
12
2
13
35
4
63
3
1078
2
1
1
1
12
1
1
1
1
23
19
8
2
2
29
14
29
10
2
12
9
9
3
8
10
3
6
1
7
1
1
1
1
1
1
2
5
2
2
0
12
1
1
1
1
1
1
1
1
1
5
0
24
2
2
2
2
2
1
0
13
1
1
1
1
1
1
1
0
8
1
1
1
1
1
1
0
10
8
291
8
16
8
2
1
1
20
1
1
2
2
1
1
1
8
12
37
35
8
4
35
9
6
11
2
1
1
9
3
12
10
7
7
7
7
7
7
7
7
7
6
6
6
1
1
1
1
1
1
1
1
1
2
3
2
4
3
3
3
3
3
3
5
5
4
4
3
3
3
3
3
3
3
8
6
9
3
3
3
10
3
3
3
3
3
3
3
3
3
3
3
3
3
11
3
3
3
3
33
6
6
2
3
6
2
6
2
3
2
1
1
3
14
5
6
2
6
2
6
2
6
2
6
2
6
2
6
2
6
2
6
2
3
3
1
1
1
1
7
5
4
4
1
1
1
1
1
39
23
6
3
1
4
1
1
4
4
18
12
13
7
5
4
1
3
2
3
3
3
4
4
6
4
4
4
3
3
1
3
4
3
14
3
3
3
3
3
3
1
2
3
3
2
2
4
1
3
2
2
3
3
2
2
1
3
3
8
2
5
3
3
3
2
2
2
2
2
2
2
3
3
2
2
2
2
2
2
3
3
2
2
2
2
3
3
2
2
2
2
3
3
2
2
2
2
3
3
2
2
15
2
4
3
3
1
2
2
1
6
6
6
5
5
5
5
5
5
18
18
18
18
18
18
18
18
18
1
19
16
4
4
4
4
19
15
4
4
4
4
19
13
4
4
4
4
19
13
4
4
4
4
19
13
4
4
4
4
19
13
4
4
4
4
19
13
4
4
4
4
19
13
4
4
4
4
19
13
4
4
4
4
9
7
7
7
4
4
4
4
2
2
2
2
2
2
2
3
3
3
3
3
3
3
3
3
3
3
3
5
5
6
5
5
4
4
4
11
10
9
7
5
5
5
5
6
6
6
5
3
3
2
2
0
0
2
0
10
2
1
2
12
3
33
14
21
21
3
3
10
7
18
18
26
26
18
8
6
6
6
6
5
22
9
4
4
12
11
11
26
253
45
4
81
2
9
18
0
35
32
2
2
1
8
9
10
9
27
17
5
3
8
2
1
1
1
1
2
4
1
3
1
3
6
2
19
2
2
2
3
3
4
1
3
3
6
2
2
2
18
16
3
3
4
3
2
6
5
4
1
2
6
1
4
2
2
12
1
2
2
2
1
1
4
4
7
37
1
2
28
2
4
1
2
1
1
1
35
33
180
60
2
1
1
2
2
22
9
11
11
8
2
2
2
2
1
16
5
1
6
20
11
1
2
10
10
9
9
8
4
8
10
6
7
3
1
2
1
1
2
1
21
28
9
12
2
2
3
2
3
0
12
5
5
2
2
1
1
2
5
17
16
4
9
11
4
1
2
2
13
5
9
6
7
2
8
8
28
28
27
28
28
27
11
4
11
4
11
4
11
4
11
4
11
4
6
2
6
2
4
2
7
5
8
13
6
5
3
3
1
1
1
1
1
1
1
1
1
1
1
1
1
2
1
1
1
1
4
1
1
1
2
1
0
4
0
18
1
0
24
1
0
6
6
6
6
6
6
8
2
3
11
0
3
6
11
5
7
1
3
1
1
1
1
1
1
1
1
1
0
2
2
4
142
60
2
3
8
14
2
43
12
1
1
7
3
6
4
1
0
3
3
15
5
2
10
2
1
4
4
6
23
38
16
18
34
16
8
13
0
0
0
0
0
0
0
1
3
1
6
1
5
1
6
22
15
11
6
2
3
3
2
2
3
4
2
2
1
4
9
1
6
6
8
1
8
2
1
2
1
2
1
3
40
48
2
3
3
3
10
3
0
2
7
0
0
9
81
75
55
35
1
2
2
5
3
7
5
23
17
2
7
3
2
3
1
1
2
1
2
5
3
4
6
2
1
1
34
5
2
4
3
6
627
33
1
292
222
150
282
249
212
33
513
1635
2
2
2
2
35
35
35
17
48
16
16
16
32
32
32
32
48
48
16
32
96
96
32
64
64
32
16
3
1
2
22
2
2
2
2
2
2
2
8
2
6
4
15
6
12
1
4
3
2
1
7
7
4
2
3
16
6
3
2
0
4
2
2
2
4
2
2
2
4
2
2
2
1
1
1
1
1
1
1
1
1
1
1
1
1
1
1
1
1
1
1
1
1
1
1
1
1
1
1
1
1
1
1
1
1
1
1
1
7
8
9
1
1
1
2
2
2
7
8
9
1
1
1
2
2
2
7
8
9
1
1
1
2
2
2
7
8
9
1
1
1
2
2
2
7
2
7
2
7
2
7
2
7
2
7
2
1
1
1
1
1
1
1
1
1
1
1
1
1
1
1
1
1
1
72
1
72
1
72
1
72
1
2
0
